7.510877233614554616e-01 4.708514312290730808e-01 -4.627809001301147473e-01
-3.690843500822153511e-01 6.551341558646591734e-01 6.592237710701043252e-01
-5.074119119452089599e-01 8.046316864090421461e-01 -3.083845016252409477e-01
-5.029387257628684660e-01 6.499456214327019588e-01 5.697572529669816532e-01
-6.512569535117840314e-01 7.165582372191592331e-01 -2.498172795783374089e-01
-6.894261007295403587e-01 7.215616969801057490e-01 -6.356389764679136467e-02
8.124526730246989237e-01 4.768480612335473379e-01 3.354647233209908097e-01
5.693699963098964867e-01 -8.156659996476994801e-01 1.025026064097274842e-01
-9.216882499854920363e-01 3.684978615830649673e-01 1.212439517971487940e-01
-9.100644061134334217e-01 3.976503268466349827e-01 -1.168631433950333143e-01
7.407313303291438444e-01 4.340059916549250940e-01 -5.127922537211749843e-01
7.961935193008657929e-01 3.672844743398432921e-01 -4.808097282004668016e-01
4.489709213362720330e-01 -8.881487576651194704e-01 -9.806577411290771928e-02
-5.932896069578473819e-01 6.827687227412280180e-01 -4.264203483912499815e-01
-2.166982428544372563e-01 4.137278341110675606e-01 8.842347826372610742e-01
-3.641170273151161374e-01 8.310142426200469723e-01 -4.205164907370848582e-01
2.923595186627858666e-01 -8.411158883225048344e-01 -4.550274434127106749e-01
-3.311962437375791657e-01 9.435618256726345798e-01 -3.595378181647423867e-04
4.431387176071948097e-01 -8.515227984208804113e-01 -2.802445373721380584e-01
-4.841180370415841538e-02 -8.629090652290171137e-01 5.030350309945560427e-01
-4.489466122218339073e-01 8.233887225289008294e-01 -3.470993387875626057e-01
9.568366483843564474e-01 -9.580691089103822444e-02 -2.743805097562656004e-01
-9.007847557924169024e-01 2.438635182780975741e-01 -3.593291084577257544e-01
-3.419586229103561692e-01 5.855464584311304704e-02 9.378889346118975956e-01
-4.553115861199221182e-01 7.972145225163800308e-01 -3.964093397410569652e-01
6.774028105910520070e-01 -7.355303910913891796e-01 -1.097615525999155912e-02
1.985261898132041347e-01 -8.837057015441399654e-01 4.238532588250692457e-01
8.661665924632758751e-01 -4.050786267330407919e-01 2.926888113075580278e-01
9.860224854321409937e-01 -8.800016242386898835e-02 1.414766045521157201e-01
9.849748502474210410e-01 1.696036279154473081e-01 3.254464284623614229e-02
-4.677836276820820233e-02 9.782170241859335924e-01 2.022454903565035766e-01
9.146549236043953757e-01 3.995344735703930672e-01 -6.147011595130094652e-02
-7.693274230223498544e-02 -5.576195343648036040e-01 8.265239307222976839e-01
6.839426090499104438e-01 -6.164258438384416783e-01 -3.901816071703874123e-01
3.623491554217523891e-01 6.349721042956790740e-01 6.822855093957808092e-01
-3.600539298809636302e-01 -8.065680536434441938e-01 4.688380769723169972e-01
7.695234038341476623e-02 -2.029048381480805519e-01 9.761700486931651488e-01
7.654070440769353834e-01 6.370344370920950627e-01 -9.131912634364094949e-02
6.823125911381304753e-01 -2.563933915474094979e-03 7.310560540869950330e-01
-1.202812810894378776e-01 -9.261145644762642792e-01 3.575531105785865194e-01
-8.720463319836720961e-01 4.873702216414891875e-01 -4.478238415882843798e-02
8.140188555896206157e-01 -5.701473042244078471e-01 -1.109295011717125051e-01
1.942556318943847726e-01 -9.284972152466901552e-01 3.164769671815861329e-01
6.350702626485366098e-01 6.410101960825491663e-01 -4.310356017984253718e-01
-5.795568797738597233e-01 2.566221890413490359e-01 7.734719614817424649e-01
5.028036011022731788e-01 7.936106210952259543e-01 -3.425941050331074988e-01
-3.594491412680005382e-01 -2.261680025095997026e-01 9.053421173691825752e-01
-8.549141271910433160e-01 1.823149886985916679e-01 -4.856779591715161271e-01
4.053374956456334138e-02 7.390463796840197608e-01 6.724339847317213348e-01
-9.216298757276067954e-01 3.689055618175769435e-01 1.204452515725457779e-01
-2.623020685117393724e-01 2.775386567528898563e-01 9.242131349760531744e-01
7.163412298260728450e-01 6.067861297847154667e-01 3.444790779599768982e-01
2.383181844644882419e-01 9.097084981221988942e-01 3.400513070079328459e-01
3.294355720925213893e-01 -2.499039004424145338e-01 9.105054883874895699e-01
4.086308395043464770e-01 -5.382946724232934299e-01 7.370615189023723701e-01
2.704335343242794121e-01 8.767270896223077203e-01 3.977628864477889548e-01
6.236567226344988946e-01 -7.815993405249019865e-01 1.244038600020021951e-02
7.004837697896199034e-01 -6.825669584765273745e-01 -2.083862650402495964e-01
7.695234038341476623e-02 -2.029048381480805519e-01 9.761700486931651488e-01
6.819847697253657998e-03 -9.998526878517746130e-01 -1.575094514523096845e-02
6.189555488912071857e-01 7.575637543059547951e-01 2.073431615912407766e-01
-5.832549893460990953e-01 -6.930474537075914654e-01 -4.236730393974882380e-01
6.865811188059730563e-01 -3.748539981820864786e-01 6.229693791399724123e-01
-5.677330226410750580e-01 7.957208140392937334e-01 2.109682466805664069e-01
-1.383419330709886319e-01 9.600265074842208035e-01 2.433323128600712315e-01
-4.387106448859676711e-01 7.050402777721247460e-01 -5.571814576802995855e-01
3.980488303632742642e-01 2.061817460589845108e-01 8.938938506548178564e-01
9.568366483843564474e-01 -9.580691089103822444e-02 -2.743805097562656004e-01
9.578963349712898978e-02 -8.239681673648837634e-01 5.584808011774805570e-01
-3.847286194253904945e-01 -3.805187386516993286e-01 8.409455267316383598e-01
-1.625992350608662096e-01 -5.765333991506328415e-01 8.007313709487334785e-01
-2.744961436918237352e-01 -6.071672238904838315e-01 7.456539608500988292e-01
-2.664165893456026946e-01 9.467478316248779668e-01 -1.808058191404473547e-01
9.417117420974936426e-01 1.975916543460970731e-01 -2.722802470405743525e-01
-7.693274230223498544e-02 -5.576195343648036040e-01 8.265239307222976839e-01
7.560131790198765245e-01 -6.428672429165255275e-01 -1.231494260366845783e-01
3.164374378944676547e-01 -6.371965774139334293e-01 7.027431035810698390e-01
6.460099187725686365e-01 4.275542457106259325e-03 7.633170406745526382e-01
4.338226580262523613e-01 -8.583798515872845813e-01 -2.738282888454524056e-01
1.106213133120212688e-01 -8.572538022790560097e-01 5.028706031567411472e-01
8.621184831127660653e-01 2.439549407086044619e-01 4.441145212433439959e-01
9.568366483843564474e-01 -9.580691089103822444e-02 -2.743805097562656004e-01
7.051408248216944896e-01 -7.084443736042435047e-01 -2.971509175943044465e-02
8.065635676570642731e-02 -9.817976670882002654e-01 1.719531709898089178e-01
-1.009646825441606610e-01 2.561826484103233437e-01 9.613410339376081692e-01
7.127479402046632551e-01 -3.425629019180101431e-01 6.120792693463172895e-01
9.500895564451448116e-01 2.228187510169442886e-01 -2.183612578483578592e-01
-6.811609369133001337e-05 -8.672810394253027688e-01 4.978188365395228576e-01
-6.858762895155328110e-01 1.493358126496611149e-01 -7.122306722829833125e-01
4.715029739019324651e-01 7.510896482156258491e-01 4.621139317797732793e-01
3.039133080639960793e-01 -3.579403352865470622e-01 8.829017032244036445e-01
-6.090531972550573547e-01 4.778042220551729780e-01 6.330539694999497424e-01
-5.748716961743031983e-02 -6.733620245339146937e-01 7.370744936876899578e-01
-9.277538160489909869e-01 3.453363971129300158e-01 -1.414766045521157201e-01
8.388188525865992728e-01 2.428042615177797847e-01 4.872668910711117074e-01
-4.834379413527984393e-01 8.731979287153133207e-01 -6.175058014184785227e-02
9.543954973465038627e-01 2.335390924254895084e-01 -1.859804477728726479e-01
7.795788633249461919e-01 -1.701253434882490367e-01 -6.027554755951953780e-01
3.394713484366698730e-01 -3.520280478720390072e-01 8.722588246053980532e-01
-6.918714301757785679e-01 4.010460938193194380e-01 -6.003964979401431590e-01
4.166539551459319535e-01 8.279976239130498739e-02 9.052865187382364009e-01
-4.960604966418366013e-01 7.948903812823967518e-01 3.493898473284251516e-01
-2.642279056282720862e-01 9.296295605432131071e-01 2.568511126149336521e-01
-2.831732898104125651e-01 -7.763928028623816591e-01 5.630515994129162705e-01
-8.549141271910433160e-01 1.823149886985916679e-01 -4.856779591715161271e-01
-8.221619944736752172e-01 -4.830021097978907663e-01 -3.012617081108296402e-01
1.590923553273660418e-01 2.399044616337253910e-01 9.576719019396066068e-01
-8.221619944736752172e-01 -4.830021097978907663e-01 -3.012617081108296402e-01
4.926248509472888615e-01 -8.402197353579853312e-01 2.266088095024517135e-01
5.732872628372870372e-01 7.895460652165398052e-01 2.189948062617258218e-01
1.735362694262087280e-01 -9.776065915244960269e-01 -1.190399739645946198e-01
-5.916638415920589811e-01 4.827487534751389031e-01 6.456682891165760330e-01
8.053014312628890004e-01 5.002814899819468808e-01 3.181321039872991863e-01
9.568366483843564474e-01 -9.580691089103822444e-02 -2.743805097562656004e-01
2.113960438617578930e-01 8.028530500769959222e-01 5.574394071301942422e-01
5.997188304492416799e-01 -7.946988350896402320e-01 9.376079090836643426e-02
9.948723971646573627e-01 9.811261223095117667e-02 -2.455256974467726061e-02
-1.470136210153867307e-01 -6.374915066705334477e-01 7.563012456414952567e-01
9.910487652160085981e-01 6.914792381987328040e-02 1.141968020358969105e-01
7.901577116517568070e-03 5.658719992542152744e-01 8.244552416833245134e-01
-6.686713006924950298e-01 1.405053074805610869e-01 -7.301622766207522819e-01
-2.670554654868336764e-01 -8.418502003098090603e-01 4.690091881743306823e-01
-2.118688394346527892e-01 9.750535963312018106e-01 -6.619727455268092919e-02
4.665656550672868663e-01 3.910332044217896263e-01 7.933533402912351651e-01
5.133852280397925849e-01 7.538572915614917269e-01 4.100424265732781071e-01
-3.827134254189006324e-01 9.219760279291542293e-01 -5.908162089948799239e-02
6.953603940235990599e-01 4.996671317920467481e-01 5.165333288666418277e-01
-7.861791322540506721e-01 3.899583309778164586e-01 -4.794318221700177296e-01
-3.460707264770179759e-01 3.438634893248039281e-01 8.729220772698096376e-01
-4.171083682294858819e-01 -7.089184455432017140e-01 5.687312605453882508e-01
-1.520228623797540701e-01 3.703625212992103788e-01 9.163627295622396307e-01
8.753489596780532622e-01 4.238200967690088916e-01 -2.326815943843818790e-01
-6.157306099288512025e-01 3.951660795655481118e-01 -6.817034439970505177e-01
8.781068907975372317e-01 -4.038097742675535451e-01 2.566436333515204060e-01
3.770808490965248116e-02 -8.555022598094469410e-01 5.164242285111882991e-01
1.653598784698254165e-01 9.807264747008984651e-01 1.040754169494061410e-01
-9.394077793572401802e-01 2.140024476318898305e-01 -2.677983877671018531e-01
-3.170663081560448071e-01 8.951888764619715388e-01 3.132185047072559292e-01
-8.549141271910433160e-01 1.823149886985916679e-01 -4.856779591715161271e-01
-1.344415250372758275e-01 -9.501388437606107518e-01 2.813568089151234353e-01
-5.877430147055865417e-01 4.165951112838893744e-01 6.935464381850378057e-01
-8.549141271910433160e-01 1.823149886985916679e-01 -4.856779591715161271e-01
9.123816416319685541e-01 -2.114787093388204864e-01 3.504803782087391739e-01
6.752202842594241528e-01 6.377811170227338788e-01 -3.705574375098362183e-01
-1.732303486435596285e-01 -7.390064710113206647e-01 6.510458371821641332e-01
-4.991737612725916651e-01 5.374890256259915455e-01 6.796551356302664715e-01
-1.909754134990681862e-01 -4.208994665532151958e-01 8.867762009064512618e-01
6.839426090499104438e-01 -6.164258438384416783e-01 -3.901816071703874123e-01
-1.973826929217636361e-01 9.796679712677638374e-01 -3.592685078122714176e-02
8.037929198452209434e-01 -2.482898092135460144e-01 5.406191937467585973e-01
5.652851468197225282e-01 8.209592869898189038e-01 -8.048945204294014055e-02
7.909640433512561408e-01 5.617619834161229342e-01 2.424857853850730660e-01
4.953527949314716072e-01 -6.684543928907248356e-01 -5.547921531336504897e-01
3.971227408286868155e-01 -8.419978396045391111e-01 -3.651481436595298558e-01
5.693699963098964867e-01 -8.156659996476994801e-01 1.025026064097274842e-01
4.826150877905241443e-01 -8.752591902497843801e-01 3.168638383022814170e-02
4.589739143487368556e-01 3.917694515999787241e-01 7.974080779252554763e-01
3.355060554491976488e-01 -7.655126596433988739e-01 -5.490228179981316847e-01
2.320521264995802357e-01 -3.155796507252288663e-01 9.200876559519561848e-01
6.543177780445053049e-01 -7.352578301387834303e-01 -1.768167654791515386e-01
6.431829664730523977e-01 -6.525182916696758983e-01 -4.006688790952099288e-01
2.977801846115727402e-01 -9.030468249226597521e-01 3.095696911033131715e-01
-7.186324194423678868e-01 -4.318427791136768973e-02 -6.940479550201718029e-01
-1.909754134990681862e-01 -4.208994665532151958e-01 8.867762009064512618e-01
-4.503605353652090915e-01 8.819787381237786938e-01 1.388844616332197968e-01
-7.062420876037924788e-01 1.086909593316118250e-01 -6.995772931253637639e-01
-4.265571797816085642e-01 7.859116955473592903e-01 -4.476514036375126571e-01
1.371728102394270954e-01 -4.404137124474263171e-02 9.895675710884531684e-01
-1.635186460973810374e-01 9.457960460076543230e-01 2.805913251238649764e-01
1.087345718204534850e-01 9.454447996157906431e-01 3.071008364861290141e-01
-1.642478642569411007e-01 -9.427979384569822319e-01 2.900942714503303987e-01
5.304120710236143177e-01 -8.407790618282462436e-01 -1.084140401592633002e-01
9.838140191914274135e-01 -1.564070179228849999e-01 8.744609989519229465e-02
-9.526768269657813759e-01 2.404752410773222104e-01 -1.859530096320423653e-01
-4.074787389022900275e-01 6.433264617086265069e-01 6.481451542733760451e-01
-5.897600084327281333e-01 5.723441131944083660e-01 -5.697414751842581060e-01
3.241846508246346015e-01 -8.756005719521967601e-01 -3.580893052950556155e-01
4.206032889873709824e-01 5.357736771875362125e-01 7.321471437668467530e-01
7.410089854078829585e-01 3.924218910485902101e-01 -5.448951669547347221e-01
3.940195751473192232e-01 -9.178517616830460524e-01 -4.792408555262094721e-02
1.700395065723600205e-02 8.723302975479074739e-01 4.886212414969549056e-01
2.128908591478561874e-01 -9.629367747068794392e-01 -1.656208018589461484e-01
-9.007847557924169024e-01 2.438635182780975741e-01 -3.593291084577257544e-01
3.987121692673653572e-01 3.608966044077120405e-01 8.430790277341118077e-01
1.836121067025410503e-01 -6.425657772835503545e-01 7.439057844487038107e-01
-1.547613555741941538e-01 -7.987755049600779866e-01 5.813833636221545920e-01
-3.202880646903091266e-01 -6.487861378683597025e-01 6.902840740787767881e-01
9.374636334222770095e-01 9.476455405063026471e-02 3.349352404664037164e-01
-1.834817145741484412e-01 9.827402979174141295e-01 -2.357895812208174111e-02
1.371728102394270954e-01 -4.404137124474263171e-02 9.895675710884531684e-01
4.179943847517702538e-01 -6.646201469873657119e-01 -6.193228193232359624e-01
-8.996432673505071476e-01 2.166828456708712047e-01 -3.790653451621202041e-01
-4.529384515705762726e-01 5.480989320736701434e-03 8.915249395529631915e-01
2.561609972922933021e-01 -7.064501641990543757e-01 6.597800459011675667e-01
-5.238588583527558074e-01 1.820856386159771800e-01 8.321158072859564658e-01
-4.769777157018073588e-01 5.731634748144740499e-01 6.663151580614714575e-01
5.522369542538954068e-01 -8.080092642490315225e-01 -2.053177421562000504e-01
-9.294728840368350342e-01 -7.805001877348781425e-02 -3.605389748830302166e-01
-6.512569535117840314e-01 7.165582372191592331e-01 -2.498172795783374089e-01
7.583036408976799869e-01 4.533914871662405588e-01 4.684140770370881501e-01
7.588570434015684540e-01 4.151746601177452312e-01 -5.017628815246749641e-01
2.462666288500885425e-01 -9.522423986112044103e-01 1.805191452505599814e-01
6.865811188059730563e-01 -3.748539981820864786e-01 6.229693791399724123e-01
7.938459701080069486e-01 1.292618475221884722e-01 5.942221390342402598e-01
-8.221619944736752172e-01 -4.830021097978907663e-01 -3.012617081108296402e-01
-2.326809933476602643e-01 5.329102346875068674e-01 8.135516191982242740e-01
3.605494783613055754e-01 4.393480105117090195e-01 8.227863631057540372e-01
-2.082098870244329658e-01 9.753643839506287438e-01 7.289006424666787110e-02
4.782038339218939171e-01 -8.199896566496666095e-01 -3.145442039045761029e-01
3.097972337021683842e-01 -1.249568124978265443e-01 9.425558174457717708e-01
-2.664165893456026946e-01 9.467478316248779668e-01 -1.808058191404473547e-01
-4.171083682294858819e-01 -7.089184455432017140e-01 5.687312605453882508e-01
8.460461726911813196e-01 8.991895013838098472e-02 5.254716510722677869e-01
-6.350209296902792344e-01 4.042927878896644955e-01 -6.582520493820708252e-01
1.506385601582164169e-01 9.825120378182566894e-01 1.094445966490620731e-01
1.966561831865414611e-01 5.503061841202237098e-02 9.789269516423030337e-01
-9.710795500689654025e-01 -6.494846160711303940e-02 -2.297524858901972000e-01
-2.337213658074716871e-01 -9.158701548302535800e-01 3.264294451428936816e-01
8.420078268811780342e-01 5.095023017563939938e-01 -1.772857128360112167e-01
-2.615367310588004868e-01 -7.707673052238286360e-01 5.809615301421204858e-01
-7.710142286803247647e-01 6.352451773800518176e-01 -4.472833316668974046e-02
9.709896906867452326e-01 1.134929905226809838e-01 2.104717598213056706e-01
8.958807450011573026e-02 4.143612553928812670e-01 9.056924019426226824e-01
-9.210491018812303476e-01 3.339497663045501441e-01 -2.003649308360008208e-01
-7.800260854127170074e-01 4.276518515853293678e-01 -4.568076180531057129e-01
1.619662963711432646e-01 -4.114006869149359202e-01 8.969483784732172893e-01
-1.948646597247301326e-01 -4.990709304385688716e-01 8.443672013890320960e-01
8.578577571975075644e-01 4.644865066368588091e-01 2.198462043528374987e-01
-2.169485768490782562e-01 3.293824317399192125e-01 9.189344528660665645e-01
8.596397239107921306e-01 4.354746979371926924e-02 5.090414157503713177e-01
8.871679937440518637e-01 -3.804423166816721658e-01 2.611447769993427426e-01
9.391716833783574359e-01 1.216987574354326390e-01 3.211634499424458888e-01
7.455897812104383959e-01 5.295360741468828625e-01 -4.045830252638852875e-01
4.059090656023172095e-01 -6.684780388818538643e-01 -6.231973539694503073e-01
-4.826425410549838868e-01 1.761446516880688928e-01 8.579214644975827753e-01
7.129218574233150418e-01 -3.403013881246945149e-01 6.131373340847027231e-01
-8.221619944736752172e-01 -4.830021097978907663e-01 -3.012617081108296402e-01
8.627161847172928333e-01 2.336495840515595002e-01 -4.484736965523968277e-01
4.635037154345690857e-01 6.176657036895378816e-01 6.353372209024574779e-01
-5.074119119452089599e-01 8.046316864090421461e-01 -3.083845016252409477e-01
-2.337213658074716871e-01 -9.158701548302535800e-01 3.264294451428936816e-01
4.836634052802065709e-01 -8.360707675759297963e-01 -2.589505396745683252e-01
-5.832549893460990953e-01 -6.930474537075914654e-01 -4.236730393974882380e-01
-1.475297786939857858e-01 6.029044433106589551e-01 7.840543327058195899e-01
7.390780848565974281e-01 -6.718941390766233202e-01 -4.818558248260074173e-02
-4.287018964598326431e-01 -5.092382958033767060e-02 9.020096715405082621e-01
2.611178302232400883e-01 -9.258539880651293075e-01 -2.731517371780795012e-01
4.314853377219275976e-01 6.465766247918617315e-01 6.290938495993727564e-01
-8.802260189048052852e-02 -7.517463651335457575e-01 6.535513935911478889e-01
2.072712962923456137e-01 8.427970370355845064e-01 4.967210123372378106e-01
-2.718820587831932145e-01 5.683115812769413688e-01 7.765964799677596009e-01
2.010978307805856846e-01 -6.269252898662326379e-01 7.526781140577180063e-01
9.678661112697833913e-01 -2.146593661828711808e-01 1.309830033457601572e-01
3.601329251976050361e-01 -7.647635466663943449e-01 5.342667815603492354e-01
9.686669405009896705e-01 1.940229480676837481e-01 1.550466188073021945e-01
5.791834806360415255e-01 -6.611487958457029634e-01 -4.768949208264825490e-01
2.755909151424547066e-01 9.059394668721315602e-01 3.214394653031615867e-01
2.271110629832878147e-01 -7.212918095033916677e-01 6.543383609524386912e-01
-2.590510202695266440e-01 6.667238178402914439e-01 6.988361178572435328e-01
-4.152363605546426917e-01 6.181303016755324009e-01 6.674531406951726975e-01
9.401218323706561630e-01 -2.477976817971291323e-01 2.340240355091940949e-01
3.909804639828388106e-01 -9.164547089396769541e-01 -8.511781979148699828e-02
5.732872628372870372e-01 7.895460652165398052e-01 2.189948062617258218e-01
-2.047270935673689285e-01 -8.962211988547672536e-01 3.935408236546514282e-01
6.117682303827819412e-01 -7.825573708018889185e-01 -1.155144739760112504e-01
4.692561208068568024e-01 -3.473326698678467772e-01 -8.118858968646850416e-01
-2.055965314146768752e-01 1.600237199808650645e-01 9.654649011298854777e-01
3.441470617076238803e-01 -6.744572966204522846e-01 -6.531999349000581212e-01
7.501459342646231709e-01 -6.479153940581987570e-01 -1.322373602604978438e-01
-2.352211473545257892e-01 9.715457303721343196e-01 -2.774717342174682147e-02
-9.522200757433689766e-01 2.909666136658754509e-01 9.281894786683350662e-02
-2.118688394346527892e-01 9.750535963312018106e-01 -6.619727455268092919e-02
6.623475735287041033e-01 5.897839460917115861e-01 4.620071306518188647e-01
5.030748964791611488e-01 7.900071099734414792e-01 -3.504346083421157609e-01
2.010978307805856846e-01 -6.269252898662326379e-01 7.526781140577180063e-01
8.388100221266626688e-01 5.426505394014359274e-01 -4.391057807861757645e-02
5.524476597933219990e-01 1.838412747096641320e-01 8.130215058053554822e-01
5.819991886654434232e-01 -9.529350595970219329e-02 8.075865849026182541e-01
-3.642887478472109919e-01 7.420841181923645280e-01 -5.626765231627953723e-01
8.065635676570642731e-02 -9.817976670882002654e-01 1.719531709898089178e-01
-1.183486697266629972e-01 -9.546150915335257503e-01 2.733196286225477722e-01
8.941078204903063487e-01 3.816773606642622219e-01 -2.342938276917186369e-01
3.478883369187995012e-01 -8.809108445225135586e-01 3.208890603284938470e-01
-8.221619944736752172e-01 -4.830021097978907663e-01 -3.012617081108296402e-01
2.846896056535039854e-01 -9.149723033183495557e-01 -2.859676775322105846e-01
9.915210175372634049e-01 -3.635742521603087946e-02 1.247566006812090705e-01
4.070841307635978401e-01 7.554149294290986028e-01 5.134498951953111456e-01
9.568366483843564474e-01 -9.580691089103822444e-02 -2.743805097562656004e-01
1.619662963711432646e-01 -4.114006869149359202e-01 8.969483784732172893e-01
-3.641170273151161374e-01 8.310142426200469723e-01 -4.205164907370848582e-01
-8.496520880917628193e-02 -7.199018429249769424e-01 6.888557540191087014e-01
-1.009646825441606610e-01 2.561826484103233437e-01 9.613410339376081692e-01
6.427407422012033633e-01 6.487275081937420307e-01 4.074763286712303478e-01
7.795788633249461919e-01 -1.701253434882490367e-01 -6.027554755951953780e-01
-2.445926880937070724e-01 -8.250858905030373780e-01 5.093208126749821929e-01
7.613292325921303672e-01 5.537082965681539536e-03 6.483418390886932503e-01
-2.810382471105726254e-01 9.538594977548040532e-01 -1.056861495370585713e-01
4.245127061385707279e-01 7.004019145327186058e-01 5.737822935973275751e-01
6.125788822762249369e-02 7.841818821270611917e-01 6.174999974684631798e-01
4.122165002997928984e-01 3.318252129550031682e-01 8.485102149815036965e-01
8.646677899706222137e-01 2.803921056214078722e-01 -4.168091650773927959e-01
-1.757101895489400489e-01 9.843812897675393581e-01 -1.092728897172084122e-02
4.868083197521638761e-01 5.861615105814735882e-01 6.476359651323573274e-01
9.489535849401377066e-01 2.530876911196769941e-01 1.882384504636922806e-01
-8.742723959384474108e-01 4.677989069682734202e-01 1.296609437700317335e-01
3.121036926004054357e-01 4.030875045738793738e-01 8.602974768773847813e-01
9.948723971646573627e-01 9.811261223095117667e-02 -2.455256974467726061e-02
6.980534879312453311e-01 2.709715752498434438e-01 6.627938845475574992e-01
6.946319454486454825e-01 -3.549518416774643526e-01 6.256961326810374091e-01
-9.522200757433689766e-01 2.909666136658754509e-01 9.281894786683350662e-02
6.506725709916280076e-01 -7.586380661391164404e-01 -3.306795977750166121e-02
2.134419025896223607e-02 -7.166719240447338990e-01 6.970837674399027462e-01
4.242793066390053713e-01 -8.398501336488101154e-01 -3.385835538947524204e-01
-9.526768269657813759e-01 2.404752410773222104e-01 -1.859530096320423653e-01
-5.400038221784885240e-01 4.098852102395173502e-01 7.351122271187781054e-01
7.511296009704663268e-01 -1.147149323134616233e-01 6.501113803420656145e-01
6.108442677293633889e-03 4.714649105568549103e-01 8.818636657906226972e-01
-6.686713006924950298e-01 1.405053074805610869e-01 -7.301622766207522819e-01
-7.508222939442880106e-01 3.906584988537749048e-01 -5.325897297071662262e-01
4.682764928106318281e-01 7.958934550949203768e-01 3.837586929543672642e-01
3.294355720925213893e-01 -2.499039004424145338e-01 9.105054883874895699e-01
7.410089854078829585e-01 3.924218910485902101e-01 -5.448951669547347221e-01
-3.594491412680005382e-01 -2.261680025095997026e-01 9.053421173691825752e-01
-7.201562710045695814e-01 6.935062047318915068e-01 -2.059342932006949858e-02
-4.262247272752701099e-01 -6.285406997923594918e-01 6.505913237691174356e-01
-5.832549893460990953e-01 -6.930474537075914654e-01 -4.236730393974882380e-01
-4.560941852916056832e-02 9.375830481982456721e-01 3.447576085784300193e-01
-5.897600084327281333e-01 5.723441131944083660e-01 -5.697414751842581060e-01
-9.306130162411180295e-01 -1.654155388961288387e-01 -3.264921338934704820e-01
9.329432505512051943e-01 3.590577862418422028e-01 2.635142102541465983e-02
-7.696538513068948428e-02 4.270414194033917421e-01 9.009505844415780507e-01
3.811786585072067801e-01 -5.688908451130990640e-01 7.287427781084010459e-01
-4.280158494948972936e-01 6.721945875513402058e-01 6.041166021951763776e-01
-2.438890849911705405e-01 6.651378062475985509e-01 7.057689515148011239e-01
-8.536731546138052185e-01 -3.986277118609748427e-01 3.351687521655291602e-01
4.658962641311926167e-01 -8.387720350140915881e-01 -2.817838610476433026e-01
9.891158844324643429e-01 9.737060555574870990e-02 1.103119773056883551e-01
4.086308395043464770e-01 -5.382946724232934299e-01 7.370615189023723701e-01
-1.541070036210361316e-01 6.402475867331463011e-01 7.525516986342720704e-01
-2.774338581071870147e-01 6.077888722104627384e-01 7.440585603249887381e-01
-7.186324194423678868e-01 -4.318427791136768973e-02 -6.940479550201718029e-01
-4.960604966418366013e-01 7.948903812823967518e-01 3.493898473284251516e-01
5.530577238288174602e-01 -6.645996821744439842e-01 -5.024285188630472909e-01
2.937885560830082454e-01 9.543819028965564444e-01 5.332417592620754959e-02
8.065401947229182689e-01 2.732608357895233153e-01 -5.242341365458074165e-01
-2.664165893456026946e-01 9.467478316248779668e-01 -1.808058191404473547e-01
8.350858514197216920e-01 -2.697253807067958031e-01 4.794578602559065872e-01
-2.902232293511862182e-01 -7.014329027591611476e-01 6.509703219593239165e-01
3.070534683209851790e-01 -6.500669686214337606e-01 6.950763295490600679e-01
2.056105118036415380e-01 -7.065283719229152881e-01 -6.771572764903286412e-01
-6.512569535117840314e-01 7.165582372191592331e-01 -2.498172795783374089e-01
1.360362638918741762e-01 -8.352847960517740811e-01 5.327226711818133786e-01
8.971271545010999215e-01 1.498909932955614088e-01 4.155665515722236636e-01
-8.221619944736752172e-01 -4.830021097978907663e-01 -3.012617081108296402e-01
1.059626971823615371e-01 7.118001539622131890e-01 6.943431771287226217e-01
7.913032910841168999e-01 -5.841220914330783609e-01 -1.806667756376138245e-01
-4.079004107227435227e-01 3.049597771887606612e-01 8.605909534902156377e-01
-5.448066005872956863e-01 8.197608213830068769e-01 -1.765728282663353299e-01
-5.804399395727404265e-01 7.518147652280531279e-01 -3.128322798783411129e-01
1.512610655226592493e-01 -9.852635125749565903e-01 -7.984923822684912575e-02
8.871679323678899332e-01 2.698247040014757903e-01 -3.743363312431736145e-01
5.496830040646002447e-01 -8.175768369271197988e-01 -1.715130046461857405e-01
-2.621220956879045660e-01 9.603496047275714709e-01 -9.497706908395402159e-02
-1.908346953319363937e-01 -9.336942794660856304e-01 3.029803814603745926e-01
9.568366483843564474e-01 -9.580691089103822444e-02 -2.743805097562656004e-01
7.455957738154441738e-01 3.871093715202068020e-01 -5.424327391942520560e-01
7.373667993408509203e-01 4.802708578179973320e-01 4.750053750860028789e-01
-9.888763382473325647e-01 1.380821573723174309e-02 -1.480976732859140832e-01
4.708493975865915560e-02 7.326998014183189190e-01 6.789212100453774212e-01
6.032334561616720103e-01 -1.030714065425495651e-01 7.908765279868814613e-01
-9.055648331695199671e-01 4.101575087427138389e-01 -1.082735006759738133e-01
-4.287018964598326431e-01 -5.092382958033767060e-02 9.020096715405082621e-01
1.619662963711432646e-01 -4.114006869149359202e-01 8.969483784732172893e-01
-8.187745791203808743e-01 5.571345535608909216e-01 -1.385975389923999601e-01
8.753489596780532622e-01 4.238200967690088916e-01 -2.326815943843818790e-01
-5.304632536207535276e-01 1.667456246901916350e-01 8.311465774487445390e-01
-3.775270381508694650e-01 -4.447379979223742841e-01 8.122077620098383521e-01
-3.266606838168936711e-01 -2.280558838446238457e-03 9.451389298402980144e-01
-7.186324194423678868e-01 -4.318427791136768973e-02 -6.940479550201718029e-01
7.009761321959532276e-01 -6.104412474856544257e-01 -3.687735693616876476e-01
-7.794031917449649738e-01 6.247927704017464112e-01 -4.652589334415701411e-02
-1.002597665154549983e-01 9.358354682267269187e-01 3.378756511308995680e-01
1.365179702000681727e-01 -8.624763726960532617e-01 4.873369987529286296e-01
7.623230329045922460e-01 4.362438055048395436e-01 -4.780741947248353108e-01
-3.221878964216001173e-01 7.873321377969642043e-01 5.256453787407309175e-01
-7.803722225550850933e-01 2.700846833347591430e-02 -6.247317319479750442e-01
-9.216298757276067954e-01 3.689055618175769435e-01 1.204452515725457779e-01
-7.186324194423678868e-01 -4.318427791136768973e-02 -6.940479550201718029e-01
9.517178396171849242e-01 -1.601168596017311374e-01 2.619078941644902847e-01
-7.379649693442341674e-01 1.089442322117023659e-01 -6.659871307229338067e-01
4.157481311916169653e-01 4.660798099405929484e-01 7.809757372520729213e-01
4.690498731329878490e-01 1.215954311006260946e-01 8.747609774386263526e-01
5.699242952955950736e-01 3.893024060027114874e-01 7.236227845447650298e-01
8.289681927807959205e-01 5.584453920988897702e-01 -3.082984594931290762e-02
-5.728359117355403818e-01 6.153670733645058011e-01 5.414631873404832652e-01
-6.512569535117840314e-01 7.165582372191592331e-01 -2.498172795783374089e-01
-3.791909950388251405e-01 8.465779401036105378e-01 -3.735237350040734317e-01
-3.645677727382503064e-01 -3.752351119589498740e-01 8.522258795846473500e-01
-1.785173125520957693e-01 6.142045316626831841e-01 7.686900301189039109e-01
4.102312659614269497e-01 -1.574730290496401675e-01 8.982831143629586013e-01
-1.611451847367701973e-01 8.866982845010922265e-01 4.333571064364495351e-01
-9.306130162411180295e-01 -1.654155388961288387e-01 -3.264921338934704820e-01
-6.537159775247856075e-01 7.439128679872876182e-01 -1.387410017685563601e-01
4.102312659614269497e-01 -1.574730290496401675e-01 8.982831143629586013e-01
-5.832549893460990953e-01 -6.930474537075914654e-01 -4.236730393974882380e-01
-9.811668209810793240e-01 1.486800650071095076e-01 1.233122365191887254e-01
3.109587316264786350e-01 -7.581957316883213283e-01 -5.731002527262245572e-01
5.304120710236143177e-01 -8.407790618282462436e-01 -1.084140401592633002e-01
2.001267427450354464e-01 -9.296203367177757748e-01 3.094435593108887383e-01
-9.638793947702161136e-01 -1.297477841420016098e-01 -2.325984197015154020e-01
3.268285072397107416e-01 2.233278143956125283e-01 9.183179265225857035e-01
-4.421655555592090558e-01 2.471179763177524247e-01 8.622194194389469768e-01
3.468207337495036180e-01 -9.122109980012660380e-01 -2.181432413965425088e-01
7.795788633249461919e-01 -1.701253434882490367e-01 -6.027554755951953780e-01
5.458393790373772259e-01 3.635714513442943052e-01 7.549007696773754050e-01
-8.407202918130761704e-01 5.403090565978646564e-01 -3.543323710954731504e-02
3.097972337021683842e-01 -1.249568124978265443e-01 9.425558174457717708e-01
-4.299670005708595977e-02 3.265923612922209673e-01 9.441868000188163856e-01
-7.696538513068948428e-02 4.270414194033917421e-01 9.009505844415780507e-01
7.695234038341476623e-02 -2.029048381480805519e-01 9.761700486931651488e-01
-6.637439104427911296e-01 5.285958818209518517e-01 -5.291790009741905720e-01
2.571147443838768254e-01 -6.359786179729631783e-01 7.276147371388332896e-01
9.866274017734464330e-01 1.606824758725416136e-01 -2.734066599862504734e-02
8.123353201148465486e-01 -5.663410418317476047e-01 -1.391731009600654378e-01
-3.186864928261143315e-01 9.264098635705511064e-01 2.005085633318030580e-01
1.025637090977149224e-01 8.869610107837635482e-01 4.503119484596915245e-01
8.850820919080779614e-01 1.320063630095574536e-01 4.463227651695682585e-01
-3.464314879827087301e-01 -3.455968857795880811e-01 8.720940411868073339e-01
-3.299754706942098492e-01 8.872773018722669436e-01 3.222656952305110734e-01
-4.822406903507329701e-01 9.330143335460809595e-02 8.710561170808824860e-01
-3.650029985423586254e-01 7.969086214009249991e-01 -4.813620884448254755e-01
7.410089854078829585e-01 3.924218910485902101e-01 -5.448951669547347221e-01
8.118980757085009214e-01 5.812619320240496323e-01 5.436985415193316268e-02
-4.265571797816085642e-01 7.859116955473592903e-01 -4.476514036375126571e-01
6.259866463153934690e-02 -7.874836447161327468e-01 6.131483641753794345e-01
5.713631903681765101e-01 5.690463730226553718e-01 5.913800216798499321e-01
7.133726978541008457e-01 6.722484230387996140e-01 -1.979430516037598009e-01
-8.221923744046386040e-02 -6.788569071982932801e-01 7.296528602999349244e-01
3.097972337021683842e-01 -1.249568124978265443e-01 9.425558174457717708e-01
7.795788633249461919e-01 -1.701253434882490367e-01 -6.027554755951953780e-01
-8.559532129454660021e-01 -3.875914992694812766e-01 3.422235043686644995e-01
2.977801846115727402e-01 -9.030468249226597521e-01 3.095696911033131715e-01
-4.352706157708370327e-01 8.878427681567653273e-01 -1.492471442882865595e-01
8.803759689647924214e-01 -2.515393832185255363e-01 4.020772213883131996e-01
-5.620705079101338819e-02 8.884366071560673150e-01 4.555449072335155392e-01
-4.486062713861864171e-01 7.330406982591496368e-01 -5.112765865641821783e-01
-4.778813995892102762e-01 7.836210337832836270e-01 3.969476581856547504e-01
2.391815284238101719e-02 -9.503502642220806873e-01 3.102616593419657565e-01
9.592730371626594366e-01 -2.465118347394269216e-01 -1.379389557236410102e-01
4.217239216987966888e-01 -8.808605669049691667e-01 -2.150199886960364182e-01
2.435081915611865544e-01 -9.035786910367568092e-01 3.524901555318980528e-01
9.221626075422270086e-01 -2.667492639301818347e-01 2.801088278573646284e-01
2.233346283676438393e-01 7.837315671885909385e-01 5.795571364102091172e-01
5.866663944379287843e-01 2.969585292453950642e-01 7.534176620876447128e-01
3.269902968128077791e-01 -2.520992979988791460e-01 9.107816915917580358e-01
6.819847697253657998e-03 -9.998526878517746130e-01 -1.575094514523096845e-02
-7.899262068363953615e-01 5.436079439040574224e-01 -2.837375390699428679e-01
1.324670848255318500e-01 7.126665540233219076e-01 6.888823224719509142e-01
6.898762716933352079e-01 7.223356760800985210e-01 4.797812852134394207e-02
7.647407167471818867e-02 6.039388990702865279e-01 7.933533402912351651e-01
3.436685636157069679e-01 -6.744875333640516502e-01 -6.534206039901053753e-01
6.350702626485366098e-01 6.410101960825491663e-01 -4.310356017984253718e-01
1.966561831865414611e-01 5.503061841202237098e-02 9.789269516423030337e-01
-6.686713006924950298e-01 1.405053074805610869e-01 -7.301622766207522819e-01
5.652851468197225282e-01 8.209592869898189038e-01 -8.048945204294014055e-02
5.397464483311272820e-01 -6.646507028901771363e-01 -5.166364434121225591e-01
8.098111110815853220e-01 5.213057219932059061e-01 -2.691585194378040002e-01
7.695234038341476623e-02 -2.029048381480805519e-01 9.761700486931651488e-01
5.652851468197225282e-01 8.209592869898189038e-01 -8.048945204294014055e-02
-2.267761779368311081e-01 -6.008592374050285567e-01 7.665120624917850511e-01
-6.637439104427911296e-01 5.285958818209518517e-01 -5.291790009741905720e-01
6.317210074656665064e-01 -7.743677832823905316e-01 3.582045422492750875e-02
-3.967351666169464663e-01 9.173367315587711568e-01 -3.308365914609019687e-02
7.720884509299704712e-01 4.219730086547156256e-02 6.341126175532446618e-01
-8.670684144620905975e-01 -3.267371439167109370e-01 3.760787197214789934e-01
8.410930787324912838e-01 2.377627831969328365e-01 4.858305176033587691e-01
-4.703602037198947872e-01 7.410833126294252837e-01 -4.791208641864562190e-01
3.251419163308744142e-01 -9.347623996418034098e-01 1.431851614539156325e-01
2.009108880822503274e-01 -7.576697287050502272e-01 6.209439566128468480e-01
-1.059787778269720981e-01 9.933091008500836150e-01 4.588604165429472498e-02
-5.978819246241925400e-01 5.817539246413653276e-01 5.514522421497984883e-01
6.048553043642154042e-02 6.733072415796100829e-01 7.368845629026851141e-01
9.709896906867452326e-01 1.134929905226809838e-01 2.104717598213056706e-01
-7.676681497822435141e-01 6.023918595934654174e-01 -2.186542002922277073e-01
1.707070868121770557e-01 -9.852127525868270563e-01 -1.466024052966066402e-02
6.548779493738476898e-02 3.209107969748872247e-01 9.448426372148865937e-01
3.436685636157069679e-01 -6.744875333640516502e-01 -6.534206039901053753e-01
4.045646331921902150e-01 -1.681281973406464347e-01 8.989217801505609007e-01
9.763255755424129489e-01 -1.862687885828050449e-01 1.099650350869329080e-01
3.588817290160936646e-01 9.323826147299543732e-02 9.287144508275471111e-01
2.908544022420563868e-01 9.567082082278346444e-01 -1.063583592870211147e-02
-6.315873828167020143e-01 5.522648908077323338e-01 -5.441515122168385510e-01
3.283310407306683776e-01 1.123078553576093430e-01 9.378622891009588125e-01
-9.811668209810793240e-01 1.486800650071095076e-01 1.233122365191887254e-01
-6.825241026655537446e-01 5.859864623868675793e-01 -4.367845180176433417e-01
1.424329299484375644e-01 8.557324305974829404e-01 4.974282538115697982e-01
6.828228167512372382e-01 7.227114400155031371e-01 1.069634301741680948e-01
-1.909754134990681862e-01 -4.208994665532151958e-01 8.867762009064512618e-01
4.133164593468395265e-01 -9.089026544894359683e-01 5.536667856255645531e-02
8.167248000680707998e-01 2.709015592343974599e-01 5.094830185179306525e-01
5.206784430429842736e-01 2.534491910240646018e-01 8.152652737113122994e-01
9.618786515300149498e-01 2.253108390935154304e-01 -1.549983403710380736e-01
-6.837525004103978121e-01 5.083958790080927992e-01 -5.234655178616042237e-01
-3.114893351603430505e-01 9.474001951489523510e-01 7.353410306173971400e-02
2.456354331499738808e-01 -9.683677058735171705e-01 -4.390011620128080744e-02
-3.978169935579228822e-01 -7.151263118335940416e-02 9.146734844838175782e-01
-1.687766921813367224e-02 -9.997181118891114160e-01 -1.669853414624403870e-02
7.748345867686520227e-01 -6.109816521946834778e-01 -1.622737927963325555e-01
-5.048916435487073306e-02 -6.439251375281911383e-01 7.634207631064582333e-01
-8.820698027441871147e-01 4.653912650322575839e-01 -7.323819712763168788e-02
-9.210491018812303476e-01 3.339497663045501441e-01 -2.003649308360008208e-01
6.934708248633765226e-01 4.403735506677212141e-01 5.702362238016909224e-01
-3.810201490162821170e-01 3.753435962311165164e-01 8.449501942788715247e-01
3.325003885598918352e-01 3.601165584470761294e-01 8.716418736727570282e-01
2.287451624637083514e-01 3.041068768223943453e-01 9.247673535104820042e-01
8.057359029931496774e-01 -2.427551250911383629e-01 5.402403204776550227e-01
-4.065547093956283220e-01 5.402379085009065829e-01 7.367878056040303436e-01
6.189595101630392948e-01 6.830171947075773797e-01 -3.877842654266954736e-01
8.781068907975372317e-01 -4.038097742675535451e-01 2.566436333515204060e-01
-1.909754134990681862e-01 -4.208994665532151958e-01 8.867762009064512618e-01
9.699138432609761828e-01 4.998233499161253840e-02 2.382622564308259361e-01
6.108442677293633889e-03 4.714649105568549103e-01 8.818636657906226972e-01
-5.832549893460990953e-01 -6.930474537075914654e-01 -4.236730393974882380e-01
2.699628365196164448e-01 -3.417611060092987652e-01 9.001774343525745792e-01
1.892481889302178866e-01 -9.714610243214600871e-01 -1.429986056258320537e-01
7.535016060453111342e-01 4.079829386641187217e-01 5.155436464996216994e-01
2.625144090142644271e-01 -9.649221379668475596e-01 -3.384186959891988776e-03
-8.549141271910433160e-01 1.823149886985916679e-01 -4.856779591715161271e-01
8.801949785985816455e-01 4.573124682791754325e-01 -1.269728553914204749e-01
6.641252929025074359e-01 6.339138520263196686e-01 -3.963468475165558003e-01
-2.470086816013735975e-01 -9.070590858653219124e-01 3.409259831146896902e-01
-3.943152705420951976e-01 1.398923261763174719e-01 9.082651619952694100e-01
3.298077453618459831e-01 -5.247407925369028669e-01 -7.847763705330830231e-01
-7.277378415941145873e-01 6.812552217628491391e-01 -7.930294277509918055e-02
4.086308395043464770e-01 -5.382946724232934299e-01 7.370615189023723701e-01
-3.847286194253904945e-01 -3.805187386516993286e-01 8.409455267316383598e-01
-1.520228623797540701e-01 3.703625212992103788e-01 9.163627295622396307e-01
3.601329251976050361e-01 -7.647635466663943449e-01 5.342667815603492354e-01
-4.171083682294858819e-01 -7.089184455432017140e-01 5.687312605453882508e-01
-2.820422885588887985e-01 8.636750885988428994e-01 4.177529039973812419e-01
-7.186324194423678868e-01 -4.318427791136768973e-02 -6.940479550201718029e-01
5.652851468197225282e-01 8.209592869898189038e-01 -8.048945204294014055e-02
9.674310444095565176e-01 2.319614358409152199e-01 -1.013462707515959405e-01
2.933694067352992096e-01 9.382600631250983536e-01 1.833096973328608714e-01
1.619662963711432646e-01 -4.114006869149359202e-01 8.969483784732172893e-01
3.520962001958129473e-01 8.360715593224181674e-01 4.207286696908713042e-01
4.223082581997819052e-01 -9.064234942762747771e-01 -7.223854944158069474e-03
3.063101488567744335e-01 6.305827557743871603e-01 7.131195417511150270e-01
6.688700674859500150e-01 -4.691507258551391030e-02 7.418974381851151101e-01
4.869174435428767767e-02 9.229295925984826177e-01 3.818770497656746032e-01
6.018346508068130873e-01 5.871008014863382529e-01 5.413942204921848855e-01
-5.602979635524638624e-01 2.190145169409032366e-01 7.988108871366893515e-01
9.906602531534808298e-01 -1.055790031174202032e-01 8.628636579792338390e-02
-7.976644973796984672e-01 5.430167005971695549e-01 2.624199163412656022e-01
9.568366483843564474e-01 -9.580691089103822444e-02 -2.743805097562656004e-01
-3.101863499317075723e-01 6.772215527775097277e-01 6.671996678428900873e-01
2.908544022420563868e-01 9.567082082278346444e-01 -1.063583592870211147e-02
-6.949058354880806032e-01 7.076550084925292694e-01 1.277899399798393953e-01
3.600060530415366000e-01 7.520641832412110483e-01 5.520825174366460475e-01
-4.250542736436529467e-01 -6.264732985775757212e-01 6.533452920367592842e-01
1.619662963711432646e-01 -4.114006869149359202e-01 8.969483784732172893e-01
-9.111227243717071600e-01 2.059102800858282345e-01 -3.570102767266705168e-01
5.578687968104195649e-01 -8.265733959340672010e-01 -7.455753938615944376e-02
7.795788633249461919e-01 -1.701253434882490367e-01 -6.027554755951953780e-01
9.678661112697833913e-01 -2.146593661828711808e-01 1.309830033457601572e-01
7.695234038341476623e-02 -2.029048381480805519e-01 9.761700486931651488e-01
7.872356563202459467e-01 2.622432193731521477e-01 -5.581115617068297396e-01
5.362434627326629899e-01 -8.049089329604441900e-01 -2.540955692588171000e-01
2.924176009666505927e-01 9.562459502998397198e-01 9.253603625903014315e-03
-6.108349779928974599e-03 -9.999380254108889421e-01 -9.307706502602226123e-03
3.298077453618459831e-01 -5.247407925369028669e-01 -7.847763705330830231e-01
9.638419051621167633e-01 1.446198793834177765e-01 2.238166042557762081e-01
-6.686713006924950298e-01 1.405053074805610869e-01 -7.301622766207522819e-01
4.742270241389675567e-01 7.863833536349720266e-01 3.958660767255937629e-01
-7.256200750248400499e-01 1.153410967927239739e-01 -6.783597409277742907e-01
-6.147417072079448541e-01 4.872382732142070405e-01 -6.202350349136198648e-01
-3.771005716453469381e-01 -7.748862814197753357e-01 5.072932186932773702e-01
1.512610655226592493e-01 -9.852635125749565903e-01 -7.984923822684912575e-02
-9.811668209810793240e-01 1.486800650071095076e-01 1.233122365191887254e-01
7.429507930079789491e-01 3.767166674081543487e-01 -5.532708845273797138e-01
2.933694067352992096e-01 9.382600631250983536e-01 1.833096973328608714e-01
8.301266379333546164e-01 5.513260037335021568e-01 8.324303334640918706e-02
-8.914886478435886386e-02 -7.699261887919532921e-01 6.318751013609870126e-01
7.810663461085755044e-01 3.114827258311342884e-01 5.412151831623031040e-01
7.739105606917988656e-01 2.823184477707821327e-01 -5.668851189597426954e-01
4.974386988993158010e-01 7.747809138294381448e-01 3.902169606808199021e-01
4.086308395043464770e-01 -5.382946724232934299e-01 7.370615189023723701e-01
3.441470617076238803e-01 -6.744572966204522846e-01 -6.531999349000581212e-01
-9.210491018812303476e-01 3.339497663045501441e-01 -2.003649308360008208e-01
3.101421283956636854e-01 -9.498184360450335761e-01 -4.070379273697016798e-02
-6.858762895155328110e-01 1.493358126496611149e-01 -7.122306722829833125e-01
4.572265815234928255e-01 5.140028991773760714e-01 7.257719151259526269e-01
-3.820287188957686708e-01 7.607004797473515545e-01 -5.247750356590974441e-01
4.836634052802065709e-01 -8.360707675759297963e-01 -2.589505396745683252e-01
9.898942906952795662e-01 -1.151177398036682398e-01 8.280820751220432929e-02
-2.664165893456026946e-01 9.467478316248779668e-01 -1.808058191404473547e-01
7.541377464632575967e-01 5.019970867882584953e-01 -4.234090034652322476e-01
-3.829638626831736725e-01 7.238610092919046668e-01 -5.739023602545022529e-01
8.111618346112153821e-01 -5.777591875800158761e-01 -9.061346057318073188e-02
2.177904372244157949e-01 -9.534691146476511614e-01 -2.084801498143697418e-01
-5.619458703530738619e-01 6.544420810210870298e-01 5.058877359473299418e-01
-8.221619944736752172e-01 -4.830021097978907663e-01 -3.012617081108296402e-01
5.997188304492416799e-01 -7.946988350896402320e-01 9.376079090836643426e-02
-4.754591887729852639e-01 4.795060303573699390e-01 7.375720484550996048e-01
8.017320010839686928e-01 -8.544409162710783767e-02 5.915446776397481621e-01
-6.410688389940957244e-01 7.361668733222032079e-01 -2.170001804003247881e-01
8.308014714638369824e-01 3.425266559530579236e-01 -4.386848583837136273e-01
1.860617963535821928e-01 -5.907129272939266595e-01 -7.851364502209271512e-01
-6.964419477682249893e-01 7.056407131683286593e-01 1.305365745992042859e-01
6.819847697253657998e-03 -9.998526878517746130e-01 -1.575094514523096845e-02
6.865811188059730563e-01 -3.748539981820864786e-01 6.229693791399724123e-01
