   6.6885084e-02   9.7356390e-02   1.1919748e-01   1.3216405e-01   1.6903628e-01   1.7827059e-01   2.1638985e-01   2.1165610e-01   2.3149967e-01   3.7470413e-01   4.8586102e-01   5.1235062e-01   5.4697117e-01   5.8941317e-01   6.3781439e-01   6.5770672e-01   7.1694375e-01   7.4899418e-01
   8.8106496e-02   1.0156085e-01   1.3306952e-01   1.4133372e-01   1.6116095e-01   1.7326480e-01   2.0612892e-01   2.2211943e-01   2.3468561e-01   4.0268255e-01   4.7840413e-01   5.2894872e-01   5.5793925e-01   5.9055361e-01   6.1787143e-01   6.8518952e-01   6.9272076e-01   7.5435543e-01
   7.9189733e-02   1.0775677e-01   1.1895429e-01   1.4902680e-01   1.6574006e-01   1.9485899e-01   2.0136172e-01   2.0795608e-01   2.4494407e-01   3.9911368e-01   4.7941387e-01   5.2014797e-01   5.5472954e-01   5.9134278e-01   6.2964834e-01   6.8047394e-01   7.0684184e-01   7.5727432e-01
   1.0008517e-01   1.1398104e-01   1.1898242e-01   1.3817097e-01   1.6584807e-01   1.9497393e-01   2.0063298e-01   2.2886619e-01   2.3194584e-01   3.9062687e-01   4.7531154e-01   5.2807449e-01   5.4759636e-01   5.8460549e-01   6.2348362e-01   6.6753357e-01   6.9388132e-01   7.5905033e-01
   5.8947569e-02   1.0506990e-01   1.2896256e-01   1.4556947e-01   1.6390261e-01   1.7461418e-01   1.9829831e-01   2.2845724e-01   2.2479180e-01   3.9903434e-01   4.8814747e-01   5.3241401e-01   5.5569713e-01   5.8994744e-01   6.3219280e-01   6.8517807e-01   7.1667677e-01   7.4460411e-01
   7.4237553e-02   9.6069833e-02   1.2361571e-01   1.3636605e-01   1.7157773e-01   1.7024876e-01   2.0847253e-01   2.1880037e-01   2.3749112e-01   3.8823349e-01   4.8342031e-01   5.3566979e-01   5.5306919e-01   5.9866594e-01   6.3143162e-01   6.9063141e-01   6.9815625e-01   7.5923995e-01
   9.0589021e-02   1.3102059e-01   1.2873342e-01   1.4925118e-01   1.6893053e-01   1.8329077e-01   2.0266653e-01   2.1925318e-01   2.2810049e-01   4.0669766e-01   4.7696358e-01   5.3503587e-01   5.6280996e-01   5.8878622e-01   6.3283444e-01   6.6407312e-01   6.9767201e-01   7.3198168e-01
   1.0666513e-01   1.0498372e-01   1.2310495e-01   1.4801060e-01   1.5841928e-01   1.8186234e-01   1.9885989e-01   2.1520618e-01   2.3899265e-01   3.8825017e-01   4.8150985e-01   5.2076672e-01   5.5310901e-01   5.9528142e-01   6.2732569e-01   6.8954332e-01   6.9792566e-01   7.5796580e-01
   1.1047393e-01   1.0447577e-01   1.1525185e-01   1.5296824e-01   1.6830388e-01   1.9302949e-01   1.9807369e-01   2.2575161e-01   2.3497386e-01   3.8637752e-01   4.8642163e-01   5.2653517e-01   5.4499518e-01   5.9783051e-01   6.2497480e-01   6.7013678e-01   7.2957382e-01   7.4086263e-01
   7.9539874e-02   9.1699867e-02   1.3313104e-01   1.4268889e-01   1.6413436e-01   1.8111462e-01   2.0521729e-01   2.1481134e-01   2.4408730e-01   3.9167430e-01   4.8640880e-01   5.2506964e-01   5.6829322e-01   5.8366459e-01   6.3459461e-01   6.9703275e-01   6.9780368e-01   7.3226803e-01
   1.0205581e-01   1.1551291e-01   1.2420084e-01   1.4473212e-01   1.6285500e-01   1.8029819e-01   1.9974753e-01   2.0558014e-01   2.1727525e-01   3.8566237e-01   4.8951445e-01   5.1979199e-01   5.5685061e-01   5.9047768e-01   6.2881720e-01   6.9067934e-01   7.0484507e-01   7.2917498e-01
   8.4361290e-02   1.0974026e-01   1.3042948e-01   1.2677660e-01   1.6919648e-01   1.7160700e-01   1.9961144e-01   2.2784461e-01   2.4763396e-01   4.0005860e-01   4.8992870e-01   5.2320075e-01   5.4052472e-01   5.9527973e-01   6.3895243e-01   6.6312292e-01   6.8928018e-01   7.4901877e-01
   7.2116593e-02   9.7790455e-02   1.1716776e-01   1.3569906e-01   1.6700078e-01   1.7514165e-01   1.9855211e-01   2.2987439e-01   2.2486574e-01   3.9454541e-01   4.9301654e-01   5.3170338e-01   5.5557169e-01   5.7636902e-01   6.4419172e-01   6.8337553e-01   7.0394955e-01   7.3798438e-01
   8.0783645e-02   1.2101867e-01   1.3847808e-01   1.4817474e-01   1.6517800e-01   1.7855559e-01   1.8912550e-01   2.1223609e-01   2.2321149e-01   3.9562594e-01   4.9683774e-01   5.2445813e-01   5.5004214e-01   5.8855717e-01   6.4961505e-01   6.7575106e-01   7.1013736e-01   7.3578871e-01
   7.7021896e-02   9.6382246e-02   1.3103304e-01   1.4622228e-01   1.5643534e-01   1.7916193e-01   2.0868107e-01   2.2665424e-01   2.2894096e-01   4.0793924e-01   4.8944364e-01   5.1594288e-01   5.4864628e-01   6.0695075e-01   6.2543301e-01   6.6701005e-01   7.0485207e-01   7.5741723e-01
   5.6439115e-02   1.0392281e-01   1.1650046e-01   1.3216317e-01   1.5976149e-01   1.7514039e-01   2.0267282e-01   2.1040582e-01   2.4833831e-01   3.8998339e-01   4.9236047e-01   5.2458806e-01   5.4776841e-01   5.8606475e-01   6.3318910e-01   6.6706809e-01   6.9766476e-01   7.5436824e-01
   6.9390451e-02   9.8439776e-02   1.2147587e-01   1.4215432e-01   1.6968938e-01   1.7453986e-01   1.9863628e-01   2.1847968e-01   2.3234220e-01   3.8717635e-01   4.7397586e-01   5.1636226e-01   5.6267747e-01   5.9673708e-01   6.4683004e-01   6.9409506e-01   6.9295125e-01   7.4350487e-01
   6.1164919e-02   1.0154275e-01   1.2622916e-01   1.4023067e-01   1.6900039e-01   1.7729307e-01   1.9633104e-01   2.2715495e-01   2.2567994e-01   4.1036838e-01   4.7958818e-01   5.3002576e-01   5.6031181e-01   5.8839967e-01   6.4617580e-01   6.7880841e-01   6.9560945e-01   7.6895524e-01
   6.5997809e-02   9.6432039e-02   1.2133309e-01   1.4488359e-01   1.6013394e-01   1.7441913e-01   1.9374289e-01   2.3077840e-01   2.4792778e-01   3.8572743e-01   4.8315993e-01   5.1683050e-01   5.5272365e-01   5.8396686e-01   6.3033414e-01   6.5968366e-01   7.1978627e-01   7.4472177e-01
   8.2605976e-02   1.1201838e-01   1.1933923e-01   1.4020764e-01   1.6649157e-01   1.7826910e-01   1.9636419e-01   2.3255045e-01   2.3706184e-01   3.8360819e-01   4.8619775e-01   5.0961084e-01   5.5142040e-01   5.9338471e-01   6.3716045e-01   6.7574872e-01   7.1182717e-01   7.3508959e-01
