   1.0600000e+03   1.2400000e+02   1.6600000e+02   1.6400000e+02   0.0000000e+00   0.0000000e+00
   1.0600000e+02   1.1800000e+02   1.3400000e+02   1.8800000e+02   0.0000000e+00   0.0000000e+00
   6.5200000e+02   1.3200000e+02   1.5200000e+02   1.4800000e+02   0.0000000e+00   0.0000000e+00
   8.6000000e+01   1.2800000e+02   1.4800000e+02   1.6600000e+02   0.0000000e+00   0.0000000e+00
   1.1200000e+02   1.0400000e+02   1.4800000e+02   1.9600000e+02   0.0000000e+00   0.0000000e+00
   9.6000000e+01   1.3600000e+02   1.6000000e+02   1.7400000e+02   0.0000000e+00   0.0000000e+00
   1.0800000e+02   1.7400000e+02   1.6600000e+02   1.7600000e+02   0.0000000e+00   0.0000000e+00
   1.0200000e+02   1.5400000e+02   1.6200000e+02   1.5400000e+02   0.0000000e+00   0.0000000e+00
   9.6000000e+01   1.2800000e+02   1.6800000e+02   2.0000000e+02   0.0000000e+00   0.0000000e+00
   1.2000000e+02   1.4200000e+02   2.0400000e+02   2.0400000e+02   0.0000000e+00   0.0000000e+00
   2.0400000e+02   1.2600000e+02   1.9800000e+02   1.6200000e+02   0.0000000e+00   0.0000000e+00
   1.3560000e+03   1.2600000e+02   1.4200000e+02   1.6800000e+02   0.0000000e+00   0.0000000e+00
   8.2000000e+01   1.2200000e+02   1.7400000e+02   1.6600000e+02   0.0000000e+00   0.0000000e+00
   2.1600000e+02   1.0400000e+02   1.6400000e+02   1.6600000e+02   0.0000000e+00   0.0000000e+00
   5.9800000e+02   9.8000000e+01   1.6000000e+02   1.5800000e+02   0.0000000e+00   0.0000000e+00
   9.6000000e+01   1.5400000e+02   1.6000000e+02   1.5800000e+02   0.0000000e+00   0.0000000e+00
   1.2000000e+03   1.4400000e+02   1.3200000e+02   1.4800000e+02   0.0000000e+00   0.0000000e+00
   1.6800000e+02   1.3200000e+02   1.6200000e+02   1.5200000e+02   0.0000000e+00   0.0000000e+00
   7.6000000e+01   1.5800000e+02   1.3800000e+02   1.5600000e+02   0.0000000e+00   0.0000000e+00
   8.7800000e+02   1.0800000e+02   1.5800000e+02   1.7800000e+02   0.0000000e+00   0.0000000e+00
