   4.2436663e+01   1.0762346e+01   1.5774472e+01   2.2040295e+01   1.6514252e+01   1.2971800e+01
   6.9053322e+00   1.0534570e+01   1.4212177e+01   1.7075354e+01   1.2356182e+01   1.8089747e+01
   3.4401466e+01   1.1558426e+01   1.4474535e+01   2.2488354e+01   1.1923305e+01   1.7438329e+01
   7.8340011e+00   1.1712491e+01   1.4182515e+01   2.1282214e+01   1.1929619e+01   1.3911853e+01
   7.9550556e+00   1.1625986e+01   1.5423527e+01   2.0971476e+01   1.1971728e+01   1.2776229e+01
   5.8076918e+00   1.1438311e+01   1.7089134e+01   1.7687577e+01   1.1273199e+01   1.8951008e+01
   7.8850161e+00   1.2401932e+01   1.4415793e+01   1.6227119e+01   1.3114336e+01   1.4973715e+01
   6.6278434e+00   1.0903434e+01   1.5277988e+01   1.8837946e+01   1.2334498e+01   1.3054145e+01
   6.4896587e+00   1.0966689e+01   1.4201122e+01   1.7982981e+01   1.8344975e+01   1.8749159e+01
   6.8792277e+00   1.0830823e+01   1.4872791e+01   1.9244903e+01   1.2251589e+01   1.3854865e+01
   1.4705762e+01   1.0334820e+01   1.3297654e+01   1.8754969e+01   1.2019346e+01   1.4320887e+01
   4.1693070e+01   1.1284128e+01   1.5166965e+01   2.1664805e+01   1.2422080e+01   1.4666722e+01
   7.2270327e+00   1.1348900e+01   1.4662155e+01   1.6944921e+01   1.1728894e+01   1.4467536e+01
   1.7421626e+01   1.0518989e+01   1.5136025e+01   1.9666250e+01   1.4170259e+01   1.4485397e+01
   3.2156790e+01   1.1629991e+01   1.4862508e+01   1.9273907e+01   1.6072778e+01   1.5436567e+01
   7.4672058e+00   1.0547421e+01   1.5916898e+01   2.1415473e+01   1.2931752e+01   1.3080793e+01
   3.9340931e+01   1.0723027e+01   1.4106305e+01   1.8159293e+01   1.7203550e+01   1.3723200e+01
   2.0347596e+01   1.0376891e+01   1.5035914e+01   2.0651997e+01   1.2595557e+01   1.3779484e+01
   7.6112848e+00   1.1550009e+01   1.5300213e+01   1.8781789e+01   1.2445624e+01   1.7523513e+01
   3.1555328e+01   1.2535984e+01   1.4154247e+01   1.7849827e+01   1.2467379e+01   1.6933352e+01
