3.374041112742493520e-01 3.530732342221427622e-01 8.726383884354101950e-01
-7.291955054081303844e-01 1.127876913754417842e-01 -6.749465546002729743e-01
5.686971820991364446e-01 3.952548381192361737e-01 7.213578363169267371e-01
6.942562026378935602e-01 -7.194257340960477087e-01 -2.085517248010249763e-02
2.908544022420563868e-01 9.567082082278346444e-01 -1.063583592870211147e-02
7.116386070850670986e-01 -1.423199135194632217e-02 7.024015541897551396e-01
-2.495942100739897418e-01 9.682177422007747225e-01 1.603539788016792797e-02
-5.602979635524638624e-01 2.190145169409032366e-01 7.988108871366893515e-01
7.458876274298906761e-01 5.290957064409753663e-01 -4.046101588847389463e-01
5.607701705967582662e-01 4.392655153844333138e-01 7.018423061934431217e-01
3.950799922016255405e-01 7.467875957142092735e-01 5.349954080638021914e-01
7.429507930079789491e-01 3.767166674081543487e-01 -5.532708845273797138e-01
-3.447688023999809226e-01 9.288213955140391942e-01 -1.357397809304100311e-01
-1.485458515995710105e-01 7.924702040636256717e-01 5.915446776397481621e-01
6.301776035883442928e-01 6.487798533204723883e-01 -4.265687399014583270e-01
6.181299527389052528e-01 6.624759880315346239e-01 -4.231322805088742478e-01
-6.345385475047751189e-01 6.601506014326281591e-01 -4.019477766559600984e-01
-8.557199918905787905e-01 4.854589916268589600e-01 -1.790889804745701974e-01
2.694466553840310641e-01 6.760314961145489354e-01 6.858424864088573658e-01
4.036761897115824782e-01 -7.592044934207397011e-01 -5.105429179116056648e-01
-4.421655555592090558e-01 2.471179763177524247e-01 8.622194194389469768e-01
7.795788633249461919e-01 -1.701253434882490367e-01 -6.027554755951953780e-01
-8.642129249998895535e-01 -3.461837591452264773e-01 3.650928993656477606e-01
5.005437616824978120e-01 7.934519284818446483e-01 -3.462513246605368744e-01
-8.747748648926453319e-01 -3.223572761172335821e-01 -3.617384722231404282e-01
-1.637106852784743494e-01 8.696252092037227710e-01 4.657797838496575693e-01
8.886473199041365900e-01 3.818694631176366289e-02 4.569985754448012139e-01
1.183120442624790020e-01 5.903082115360956950e-01 7.984600651100148827e-01
-5.200713075576747224e-01 8.347077000240115119e-01 1.810770293987481461e-01
-3.829638626831736725e-01 7.238610092919046668e-01 -5.739023602545022529e-01
-8.221619944736752172e-01 -4.830021097978907663e-01 -3.012617081108296402e-01
-5.602979635524638624e-01 2.190145169409032366e-01 7.988108871366893515e-01
3.905497150963729847e-01 3.837921361358182515e-01 8.367643134589616283e-01
1.860617963535821928e-01 -5.907129272939266595e-01 -7.851364502209271512e-01
-7.186324194423678868e-01 -4.318427791136768973e-02 -6.940479550201718029e-01
-6.752447140083389643e-01 1.392527511329905154e-01 -7.243295158321867433e-01
6.425024523634185192e-01 3.919281721975522159e-01 6.584701257801138796e-01
-7.823454538612704123e-01 4.168566051981949516e-01 -4.627809001301147473e-01
4.692738575632295905e-01 -3.472443881252527675e-01 -8.119134076508679465e-01
-4.486062713861864171e-01 7.330406982591496368e-01 -5.112765865641821783e-01
-2.664165893456026946e-01 9.467478316248779668e-01 -1.808058191404473547e-01
5.103863028288978532e-01 7.439371781533166139e-01 4.313505498384452297e-01
9.568366483843564474e-01 -9.580691089103822444e-02 -2.743805097562656004e-01
-9.811668209810793240e-01 1.486800650071095076e-01 1.233122365191887254e-01
-4.171083682294858819e-01 -7.089184455432017140e-01 5.687312605453882508e-01
5.652851468197225282e-01 8.209592869898189038e-01 -8.048945204294014055e-02
-4.140608000397408839e-01 -2.477209664079484952e-01 8.758926741743886524e-01
-6.752447140083389643e-01 1.392527511329905154e-01 -7.243295158321867433e-01
4.045646331921902150e-01 -1.681281973406464347e-01 8.989217801505609007e-01
6.494907205779715254e-02 5.214423018124307863e-01 8.508111094240511374e-01
-6.168093440792039583e-01 3.956046104021799237e-01 -6.804727954041377425e-01
3.298077453618459831e-01 -5.247407925369028669e-01 -7.847763705330830231e-01
8.646677899706222137e-01 2.803921056214078722e-01 -4.168091650773927959e-01
6.946319454486454825e-01 -3.549518416774643526e-01 6.256961326810374091e-01
-9.260185852669922113e-01 1.753078323511462477e-01 -3.343003793842607707e-01
-9.888763382473325647e-01 1.380821573723174309e-02 -1.480976732859140832e-01
6.817950217338144547e-01 6.765012792930439334e-01 2.783910333575104756e-01
-8.742723959384474108e-01 4.677989069682734202e-01 1.296609437700317335e-01
-1.059787778269720981e-01 9.933091008500836150e-01 4.588604165429472498e-02
-3.645677727382503064e-01 -3.752351119589498740e-01 8.522258795846473500e-01
-5.602979635524638624e-01 2.190145169409032366e-01 7.988108871366893515e-01
-5.526956046264091052e-03 -9.998990525271244101e-01 -1.308959557134443952e-02
3.394713484366698730e-01 -3.520280478720390072e-01 8.722588246053980532e-01
-5.832549893460990953e-01 -6.930474537075914654e-01 -4.236730393974882380e-01
-4.223452492382417378e-01 8.344217107060510896e-01 -3.540690598573598691e-01
7.788250972041851350e-01 2.719778996447519415e-01 -5.652074752422520110e-01
5.541976237407468808e-01 6.232387533017648140e-01 5.517594133523882061e-01
2.924176009666505927e-01 9.562459502998397198e-01 9.253603625903014315e-03
2.073488892900205438e-01 -7.152509172065527610e-01 -6.673998528209156289e-01
-3.829638626831736725e-01 7.238610092919046668e-01 -5.739023602545022529e-01
8.914415800495761877e-01 2.306769264372293127e-01 -3.900257234698605857e-01
-2.664165893456026946e-01 9.467478316248779668e-01 -1.808058191404473547e-01
-7.201562710045695814e-01 6.935062047318915068e-01 -2.059342932006949858e-02
-3.829638626831736725e-01 7.238610092919046668e-01 -5.739023602545022529e-01
-9.740140756635616848e-01 2.262856723119664182e-01 -9.559022731370877407e-03
5.021432188536988361e-01 -8.627684328116669299e-01 5.901541411314795843e-02
-6.168093440792039583e-01 3.956046104021799237e-01 -6.804727954041377425e-01
-4.115535985606487146e-01 -2.412138079524255574e-01 8.788853931912117279e-01
8.616710670021873186e-01 5.074617673240168214e-01 -2.350956336810048567e-03
-6.000750830451728746e-01 4.111430965202004795e-01 6.862005893994189698e-01
-7.186324194423678868e-01 -4.318427791136768973e-02 -6.940479550201718029e-01
-7.186324194423678868e-01 -4.318427791136768973e-02 -6.940479550201718029e-01
9.141017650647249582e-01 -2.616293602859043887e-01 3.097870896953949793e-01
-9.216882499854920363e-01 3.684978615830649673e-01 1.212439517971487940e-01
2.563485348664868990e-01 -5.862927509672918314e-01 7.684700637207740881e-01
5.218560615369322031e-01 7.817746270530261388e-01 3.413131751533532987e-01
4.692738575632295905e-01 -3.472443881252527675e-01 -8.119134076508679465e-01
3.862451946627561972e-01 -8.666740282931791883e-01 3.157384650022915795e-01
-4.264315020162658398e-01 1.849387412651619031e-02 9.043307750529913092e-01
4.692738575632295905e-01 -3.472443881252527675e-01 -8.119134076508679465e-01
9.839640405149707725e-01 1.402788701983526676e-01 1.101662632085096405e-01
-4.644903507175116575e-01 3.797303489216914962e-01 8.000334844230791997e-01
-5.526956046264091052e-03 -9.998990525271244101e-01 -1.308959557134443952e-02
7.795788633249461919e-01 -1.701253434882490367e-01 -6.027554755951953780e-01
5.005437616824978120e-01 7.934519284818446483e-01 -3.462513246605368744e-01
-6.752447140083389643e-01 1.392527511329905154e-01 -7.243295158321867433e-01
-8.627692678847287411e-01 -3.482696615299404885e-01 3.665207132638887422e-01
7.386066344460414657e-01 4.946724941574674461e-01 4.579949378282713313e-01
-6.168093440792039583e-01 3.956046104021799237e-01 -6.804727954041377425e-01
-9.216298757276067954e-01 3.689055618175769435e-01 1.204452515725457779e-01
3.601329251976050361e-01 -7.647635466663943449e-01 5.342667815603492354e-01
-4.244441044413997388e-01 -6.812113857603735445e-01 5.964882648597286119e-01
4.926248509472888615e-01 -8.402197353579853312e-01 2.266088095024517135e-01
-4.299670005708595977e-02 3.265923612922209673e-01 9.441868000188163856e-01
6.593987297042841478e-01 7.459860429379810975e-01 9.326381402295862155e-02
6.301776035883442928e-01 6.487798533204723883e-01 -4.265687399014583270e-01
-3.804464179801529400e-01 -7.600287950797699477e-01 5.268934936926663593e-01
4.045646331921902150e-01 -1.681281973406464347e-01 8.989217801505609007e-01
-8.221619944736752172e-01 -4.830021097978907663e-01 -3.012617081108296402e-01
1.925047273498760314e-01 9.661385433905913533e-01 1.718087451879457550e-01
5.484367498062396873e-01 -8.353217704139571653e-01 -3.814015383372779816e-02
4.086308395043464770e-01 -5.382946724232934299e-01 7.370615189023723701e-01
-3.580584370341114986e-01 4.708707479899371107e-01 8.062722209998843814e-01
-2.664165893456026946e-01 9.467478316248779668e-01 -1.808058191404473547e-01
-6.537159775247856075e-01 7.439128679872876182e-01 -1.387410017685563601e-01
-3.592383944688858910e-01 -2.275111183778482371e-01 9.050892038654962946e-01
-5.832549893460990953e-01 -6.930474537075914654e-01 -4.236730393974882380e-01
-1.642478642569411007e-01 -9.427979384569822319e-01 2.900942714503303987e-01
-7.201562710045695814e-01 6.935062047318915068e-01 -2.059342932006949858e-02
-4.171083682294858819e-01 -7.089184455432017140e-01 5.687312605453882508e-01
7.665027095942356095e-01 4.958671480429189815e-01 4.081536079424959440e-01
1.076885980636678036e-01 6.278070339617293216e-01 7.708835800270088523e-01
-4.981474820445858098e-01 6.717353811581248113e-01 5.482888507283253388e-01
-2.500064663545347177e-01 -7.611914321832256025e-01 5.984015126583227540e-01
7.100912966466389475e-01 5.901401987514150183e-02 7.016321656572419574e-01
5.353393195308003838e-01 -8.071494898541805574e-01 -2.488403383546076986e-01
-6.752447140083389643e-01 1.392527511329905154e-01 -7.243295158321867433e-01
5.732872628372870372e-01 7.895460652165398052e-01 2.189948062617258218e-01
5.902492307210818190e-01 -8.046125268522795748e-01 -6.484232618869117948e-02
-2.664165893456026946e-01 9.467478316248779668e-01 -1.808058191404473547e-01
2.345554788877288882e-02 3.509541507021551321e-01 9.360988309885694969e-01
-6.752447140083389643e-01 1.392527511329905154e-01 -7.243295158321867433e-01
7.788250972041851350e-01 2.719778996447519415e-01 -5.652074752422520110e-01
4.692738575632295905e-01 -3.472443881252527675e-01 -8.119134076508679465e-01
5.265388131836528096e-01 7.098751283662603218e-01 4.677971572574334269e-01
-3.003091073380352305e-01 7.542296008127062912e-01 5.839110799665804263e-01
-7.201562710045695814e-01 6.935062047318915068e-01 -2.059342932006949858e-02
3.298077453618459831e-01 -5.247407925369028669e-01 -7.847763705330830231e-01
5.732872628372870372e-01 7.895460652165398052e-01 2.189948062617258218e-01
-5.832549893460990953e-01 -6.930474537075914654e-01 -4.236730393974882380e-01
8.350858514197216920e-01 -2.697253807067958031e-01 4.794578602559065872e-01
-6.168093440792039583e-01 3.956046104021799237e-01 -6.804727954041377425e-01
-7.906900899665505467e-01 5.915117606060426025e-01 -1.578702590528943961e-01
-3.586415490643340975e-01 -2.294693349545469663e-01 9.048315111667214472e-01
-7.976644973796984672e-01 5.430167005971695549e-01 2.624199163412656022e-01
-4.250542736436529467e-01 -6.264732985775757212e-01 6.533452920367592842e-01
-8.747748648926453319e-01 -3.223572761172335821e-01 -3.617384722231404282e-01
-4.497211017448730919e-02 7.321210001910112286e-01 6.796884215475257340e-01
-7.976644973796984672e-01 5.430167005971695549e-01 2.624199163412656022e-01
4.877490901251981814e-01 7.841110193486615643e-01 3.837586929543672642e-01
-5.526956046264091052e-03 -9.998990525271244101e-01 -1.308959557134443952e-02
2.073488892900205438e-01 -7.152509172065527610e-01 -6.673998528209156289e-01
-5.832549893460990953e-01 -6.930474537075914654e-01 -4.236730393974882380e-01
-7.976644973796984672e-01 5.430167005971695549e-01 2.624199163412656022e-01
5.283717052702859851e-01 6.299813414202873885e-01 5.691632898668583795e-01
-8.627692678847287411e-01 -3.482696615299404885e-01 3.665207132638887422e-01
5.258050419315223323e-01 7.711713871225056582e-01 -3.589202551583575707e-01
7.877770526718957944e-01 3.760322702490051516e-01 4.878596591387325820e-01
5.567899885929581405e-01 -7.798391104851069011e-01 -2.860696949354312735e-01
-3.645677727382503064e-01 -3.752351119589498740e-01 8.522258795846473500e-01
-8.747748648926453319e-01 -3.223572761172335821e-01 -3.617384722231404282e-01
-6.168093440792039583e-01 3.956046104021799237e-01 -6.804727954041377425e-01
-9.348390741386635172e-01 3.052509502427159793e-01 -1.813774044347455094e-01
9.956379470220824146e-01 -3.882807823883630688e-02 8.483783819695006612e-02
-8.015814459144265935e-02 -6.393263902180462699e-01 7.647459961493225933e-01
-2.276223518281969282e-01 8.275962441320193763e-01 5.131008883706748014e-01
-5.832549893460990953e-01 -6.930474537075914654e-01 -4.236730393974882380e-01
3.790764527308599918e-01 6.346467936635606932e-01 6.734422694467209203e-01
9.417117420974936426e-01 1.975916543460970731e-01 -2.722802470405743525e-01
-3.677338907635211429e-01 7.617048653843244699e-01 -5.334580429928587053e-01
-8.010292646073837730e-01 4.777783888099070286e-01 -3.606659513022588137e-01
9.592730371626594366e-01 -2.465118347394269216e-01 -1.379389557236410102e-01
4.692738575632295905e-01 -3.472443881252527675e-01 -8.119134076508679465e-01
8.651104321703364519e-01 -4.051184607187036657e-01 2.957413953692684672e-01
-5.832549893460990953e-01 -6.930474537075914654e-01 -4.236730393974882380e-01
6.944610280572500738e-01 -3.571389476846836830e-01 6.246404186060522390e-01
1.753658058026115463e-01 -8.773571368706880591e-01 4.466444766671467392e-01
-3.138123215122662346e-01 -8.661600510309991341e-01 3.889583433544768210e-01
9.776360246452430180e-01 1.991990613313243674e-01 6.743543045436156680e-02
-6.168093440792039583e-01 3.956046104021799237e-01 -6.804727954041377425e-01
-7.910901939762861046e-01 5.380281169162706156e-01 -2.910361668282718250e-01
-4.852345748675418458e-01 8.143827855424206064e-01 3.183207281426762014e-01
-4.264315020162658398e-01 1.849387412651619031e-02 9.043307750529913092e-01
4.974509628272934525e-01 -6.690324483517452459e-01 -5.522120268833956569e-01
3.335065746007303544e-01 -9.173976541297432785e-01 2.171518107116114094e-01
-8.747748648926453319e-01 -3.223572761172335821e-01 -3.617384722231404282e-01
3.601329251976050361e-01 -7.647635466663943449e-01 5.342667815603492354e-01
1.932920782358210632e-01 -7.777672798051767922e-01 5.980938312302953586e-01
-4.545646462679913680e-01 5.521060464919190780e-01 6.989634438154250784e-01
2.908544022420563868e-01 9.567082082278346444e-01 -1.063583592870211147e-02
-8.221619944736752172e-01 -4.830021097978907663e-01 -3.012617081108296402e-01
-8.539228289460223387e-01 -3.966259836851850351e-01 3.369029997945724997e-01
6.593987297042841478e-01 7.459860429379810975e-01 9.326381402295862155e-02
-8.747748648926453319e-01 -3.223572761172335821e-01 -3.617384722231404282e-01
-6.114923512275575179e-01 4.898504424287009607e-01 6.213884843176603612e-01
9.836523370429183233e-01 -1.149730490821871953e-01 1.385975389923999601e-01
7.795788633249461919e-01 -1.701253434882490367e-01 -6.027554755951953780e-01
-8.557199918905787905e-01 4.854589916268589600e-01 -1.790889804745701974e-01
9.876809943439668338e-01 7.888920198584041532e-02 1.351397322098507603e-01
3.601329251976050361e-01 -7.647635466663943449e-01 5.342667815603492354e-01
3.347250137320988972e-01 5.448268111338790964e-01 7.688451801577055322e-01
-7.700855535041016831e-01 3.903673451497154390e-01 -5.045607754523177002e-01
5.376246871984831088e-01 5.400076942269347313e-01 6.475734598409994547e-01
1.559699089761941437e-01 8.468991538247268025e-01 5.083652336115438430e-01
-9.740140756635616848e-01 2.262856723119664182e-01 -9.559022731370877407e-03
6.181299527389052528e-01 6.624759880315346239e-01 -4.231322805088742478e-01
-9.294728840368350342e-01 -7.805001877348781425e-02 -3.605389748830302166e-01
2.130949836160788979e-01 -5.355683930585199981e-01 -8.171640131053115041e-01
7.788250972041851350e-01 2.719778996447519415e-01 -5.652074752422520110e-01
-9.294728840368350342e-01 -7.805001877348781425e-02 -3.605389748830302166e-01
1.860617963535821928e-01 -5.907129272939266595e-01 -7.851364502209271512e-01
2.770974161500328603e-01 4.226437980099868041e-01 8.628958465346029394e-01
-3.829638626831736725e-01 7.238610092919046668e-01 -5.739023602545022529e-01
2.373303240876656062e-01 9.331250086970011015e-01 2.700963446858646311e-01
6.181299527389052528e-01 6.624759880315346239e-01 -4.231322805088742478e-01
4.615547973844572605e-01 5.132386809824168727e-01 7.235697791884493357e-01
9.392692320493003511e-01 -1.893898985435852333e-01 2.861901047471210879e-01
-5.526956046264091052e-03 -9.998990525271244101e-01 -1.308959557134443952e-02
2.228229410653195797e-01 -2.761474980194404960e-01 9.349291397066433751e-01
4.179943847517702538e-01 -6.646201469873657119e-01 -6.193228193232359624e-01
4.926248509472888615e-01 -8.402197353579853312e-01 2.266088095024517135e-01
2.228229410653195797e-01 -2.761474980194404960e-01 9.349291397066433751e-01
5.005437616824978120e-01 7.934519284818446483e-01 -3.462513246605368744e-01
-1.183486697266629972e-01 -9.546150915335257503e-01 2.733196286225477722e-01
-5.832549893460990953e-01 -6.930474537075914654e-01 -4.236730393974882380e-01
-8.221619944736752172e-01 -4.830021097978907663e-01 -3.012617081108296402e-01
1.507110215833246947e-01 9.772905966236266062e-01 1.489606583106649340e-01
2.908544022420563868e-01 9.567082082278346444e-01 -1.063583592870211147e-02
7.429507930079789491e-01 3.767166674081543487e-01 -5.532708845273797138e-01
1.637467841707083704e-01 9.596422233816022107e-01 2.286346294351896680e-01
5.652851468197225282e-01 8.209592869898189038e-01 -8.048945204294014055e-02
6.348983298368753199e-03 6.819637008166519188e-01 7.313584628480982452e-01
1.858889621054730656e-01 -7.987281292664158983e-01 5.722575200780866123e-01
-9.216882499854920363e-01 3.684978615830649673e-01 1.212439517971487940e-01
-5.832549893460990953e-01 -6.930474537075914654e-01 -4.236730393974882380e-01
7.387194871826251452e-01 2.190529081055566929e-01 6.374239897486897455e-01
-1.993388250614915591e-01 6.418335299832603758e-01 7.404821082324213322e-01
6.981794006647418227e-01 6.843645479865106962e-01 -2.102158175462564837e-01
8.350858514197216920e-01 -2.697253807067958031e-01 4.794578602559065872e-01
3.827829207852906923e-01 -8.437306623899760716e-01 -3.762921802244287850e-01
3.072780021975961007e-01 -8.629368831493352543e-01 -4.011485573524660175e-01
8.731798624337936410e-01 -3.953020622193600397e-01 2.851196370740224362e-01
5.652851468197225282e-01 8.209592869898189038e-01 -8.048945204294014055e-02
3.601329251976050361e-01 -7.647635466663943449e-01 5.342667815603492354e-01
-5.526956046264091052e-03 -9.998990525271244101e-01 -1.308959557134443952e-02
-9.811668209810793240e-01 1.486800650071095076e-01 1.233122365191887254e-01
-3.288957541561815523e-01 -6.813304601394717386e-01 6.539238388254186019e-01
-8.539228289460223387e-01 -3.966259836851850351e-01 3.369029997945724997e-01
-3.138123215122662346e-01 -8.661600510309991341e-01 3.889583433544768210e-01
-3.620015424152877581e-01 -7.600509895897703538e-01 5.397011918761746019e-01
-5.832549893460990953e-01 -6.930474537075914654e-01 -4.236730393974882380e-01
-4.223452492382417378e-01 8.344217107060510896e-01 -3.540690598573598691e-01
7.410089854078829585e-01 3.924218910485902101e-01 -5.448951669547347221e-01
-8.642129249998895535e-01 -3.461837591452264773e-01 3.650928993656477606e-01
7.978887088609010192e-01 2.584124742304518829e-01 -5.446068319754906462e-01
2.699628365196164448e-01 -3.417611060092987652e-01 9.001774343525745792e-01
-3.829638626831736725e-01 7.238610092919046668e-01 -5.739023602545022529e-01
1.952916062655096485e-01 -9.679803890327145499e-01 -1.577185942440259836e-01
-8.539228289460223387e-01 -3.966259836851850351e-01 3.369029997945724997e-01
-2.711491367543721887e-01 6.301976078268343162e-01 7.275500812498713055e-01
-2.453117764672538004e-01 5.641784608575006743e-01 7.883684396466804634e-01
-5.669766753952742988e-01 4.356353614929109885e-01 6.991132106995707751e-01
-5.832549893460990953e-01 -6.930474537075914654e-01 -4.236730393974882380e-01
-8.747748648926453319e-01 -3.223572761172335821e-01 -3.617384722231404282e-01
4.692738575632295905e-01 -3.472443881252527675e-01 -8.119134076508679465e-01
-5.526956046264091052e-03 -9.998990525271244101e-01 -1.308959557134443952e-02
7.083758192985160074e-01 -7.051144317341970780e-01 -3.189571747611921054e-02
5.809596536337384431e-02 -9.684160306879370239e-01 2.424773191766980973e-01
8.068336193851003424e-01 -5.696331509125440729e-01 -1.566447701373591961e-01
-8.015814459144265935e-02 -6.393263902180462699e-01 7.647459961493225933e-01
8.148312270065873886e-01 4.905314853486578142e-01 -3.089157383115639921e-01
-9.888763382473325647e-01 1.380821573723174309e-02 -1.480976732859140832e-01
7.795788633249461919e-01 -1.701253434882490367e-01 -6.027554755951953780e-01
4.082597219420751045e-01 -5.379753949663313994e-01 7.375001517631025738e-01
1.860617963535821928e-01 -5.907129272939266595e-01 -7.851364502209271512e-01
4.922355242313385948e-01 -8.619282893921206279e-01 -1.215887027246866647e-01
-4.055548391421969212e-01 -6.166544651485219575e-01 6.747314599607291408e-01
3.394713484366698730e-01 -3.520280478720390072e-01 8.722588246053980532e-01
5.005437616824978120e-01 7.934519284818446483e-01 -3.462513246605368744e-01
3.321805409728010305e-01 8.639444161072623585e-01 3.784919207540616837e-01
6.032334561616720103e-01 -1.030714065425495651e-01 7.908765279868814613e-01
1.966561831865414611e-01 5.503061841202237098e-02 9.789269516423030337e-01
-9.811668209810793240e-01 1.486800650071095076e-01 1.233122365191887254e-01
1.423859097884839497e-01 -9.126440119354359837e-01 3.831542250479528788e-01
7.048983609416179519e-01 1.885360962351922964e-02 7.090577142560289259e-01
-3.104399553418707991e-01 -7.279711953647417522e-01 6.112977775573590344e-01
-9.740140756635616848e-01 2.262856723119664182e-01 -9.559022731370877407e-03
-4.645408891857482625e-01 4.331913872935140852e-01 7.723645410356660967e-01
-8.539228289460223387e-01 -3.966259836851850351e-01 3.369029997945724997e-01
2.228229410653195797e-01 -2.761474980194404960e-01 9.349291397066433751e-01
7.480216384213130842e-01 3.583919190026743640e-01 -5.585864846620215429e-01
-8.642129249998895535e-01 -3.461837591452264773e-01 3.650928993656477606e-01
9.912265412477572202e-01 1.290510004070965500e-01 2.856191905204828740e-02
-8.642129249998895535e-01 -3.461837591452264773e-01 3.650928993656477606e-01
-8.642129249998895535e-01 -3.461837591452264773e-01 3.650928993656477606e-01
-3.829638626831736725e-01 7.238610092919046668e-01 -5.739023602545022529e-01
5.732872628372870372e-01 7.895460652165398052e-01 2.189948062617258218e-01
-5.483825183918723534e-01 7.100566635466073473e-01 4.416968961575890029e-01
-3.829638626831736725e-01 7.238610092919046668e-01 -5.739023602545022529e-01
-4.140608000397408839e-01 -2.477209664079484952e-01 8.758926741743886524e-01
4.926248509472888615e-01 -8.402197353579853312e-01 2.266088095024517135e-01
2.699628365196164448e-01 -3.417611060092987652e-01 9.001774343525745792e-01
6.839426090499104438e-01 -6.164258438384416783e-01 -3.901816071703874123e-01
4.045646331921902150e-01 -1.681281973406464347e-01 8.989217801505609007e-01
7.515769206515273693e-01 3.491366900635841097e-01 -5.596746411938031684e-01
5.005437616824978120e-01 7.934519284818446483e-01 -3.462513246605368744e-01
9.608219560323856268e-01 -2.235549181791871842e-01 1.638425078055062434e-01
9.568366483843564474e-01 -9.580691089103822444e-02 -2.743805097562656004e-01
-9.511617905863223310e-01 4.291420105436986182e-02 -3.056953049631056518e-01
9.761680616137993205e-01 2.161127607717299726e-01 -1.977852665843733357e-02
-9.923128242678973532e-01 1.215312940183299328e-01 2.335387264886529951e-02
-3.138123215122662346e-01 -8.661600510309991341e-01 3.889583433544768210e-01
-5.832549893460990953e-01 -6.930474537075914654e-01 -4.236730393974882380e-01
-5.832549893460990953e-01 -6.930474537075914654e-01 -4.236730393974882380e-01
2.130949836160788979e-01 -5.355683930585199981e-01 -8.171640131053115041e-01
6.301776035883442928e-01 6.487798533204723883e-01 -4.265687399014583270e-01
-2.664165893456026946e-01 9.467478316248779668e-01 -1.808058191404473547e-01
-5.448066005872956863e-01 8.197608213830068769e-01 -1.765728282663353299e-01
-2.905145640525989004e-01 9.506872594802308063e-01 -1.086048927778886369e-01
-4.299670005708595977e-02 3.265923612922209673e-01 9.441868000188163856e-01
