6.076670000000000016e+01 4.629999999999999716e+01
-4.245000000000000284e+01 1.712075000000000387e+02
4.616669999999999874e+01 3.479999999999999716e+01
-1.195000000000000062e+00 -4.601999999999999602e+01
-6.094000000000000528e-01 7.308990000000001430e+01
4.461999999999999744e+01 -1.145699999999852503e+00
9.187999999999998391e-01 1.044553999999999974e+02
5.301670000000000016e+01 1.586500000000000057e+02
-2.386670000000000158e+01 3.535000000000000853e+01
4.457500000000000284e+01 3.807249999999999801e+01
3.234360000000000213e+01 6.211939999999999884e+01
-3.359170000000000300e+01 2.688749999999998153e+01
-7.801400000000000112e+00 1.103644000000000176e+02
3.626670000000000016e+01 1.006167000000000087e+02
-2.525000000000000000e+01 4.583330000000000126e+01
-2.503249999999999886e+01 4.698330000000001405e+01
-2.369999999999999929e+01 1.338667000000000087e+02
-1.031670000000000087e+01 1.504333000000000027e+02
4.330189999999999628e+01 6.826919999999999789e+01
-3.069999999999999218e+01 -6.200000000000000000e+01
5.956670000000000442e+01 1.508000000000000114e+02
-3.706750000000000256e+01 -1.231049999999999400e+01
2.141329999999999956e+01 -1.581700999999999908e+02
-2.025819999999999865e+01 5.775450000000000017e+01
-2.120700000000000074e+01 -1.597709999999999866e+02
2.776069999999999638e+01 1.006614000000000004e+02
2.719359999999999999e+01 2.460600000000117138e+00
5.298329999999999274e+01 7.866670000000000584e+01
1.043249999999999744e+01 1.219252999999999929e+02
-3.502279999999999660e+01 1.178813999999999851e+02
-1.753340000000000032e+01 -1.495666999999999973e+02
5.301670000000000016e+01 1.586500000000000057e+02
5.679999999999999716e+01 4.450000000000000711e+01
-5.173329999999999984e+01 -7.251670000000000016e+01
-4.395139999999999958e+01 -1.765611000000000388e+02
-4.641309999999999292e+01 1.683474999999999682e+02
4.118330000000000268e+01 3.138329999999999487e+01
-2.756670000000000087e+01 1.519499999999999886e+02
-5.428329999999999700e+01 -3.650000000000000711e+01
-3.074889999999999191e+01 1.214658000000000158e+02
-1.041670000000000051e+01 1.057166999999999888e+02
2.555330000000000368e+01 5.554749999999999943e+01
-1.592510000000000048e+01 -5.717899999999999316e+00
7.083300000000000374e+00 1.713832999999999345e+02
3.466179999999999950e+01 -1.204714000000000027e+02
-4.616699999999999804e+00 5.545000000000000284e+01
6.115079999999999671e+01 -1.491091000000000122e+02
-4.641309999999999292e+01 1.683474999999999682e+02
6.401670000000001437e+01 -2.256670000000001153e+01
5.829999999999999716e+01 8.290000000000000568e+01
-4.288060000000000116e+01 1.473249999999999886e+02
-5.170000000000000995e+01 -5.785000000000000142e+01
-2.463329999999999487e+01 1.796670000000001366e+01
3.873329999999999984e+01 -2.706670000000000442e+01
-1.953000000000000114e+01 1.692800000000000011e+02
-8.516700000000000159e+00 1.791999999999996760e+02
1.616420000000000101e+01 4.477669999999999817e+01
7.450000000000001066e+00 1.518499999999999943e+02
2.629999999999999893e+00 9.609000000000000341e+01
5.845459999999999923e+01 -1.341739000000000033e+02
5.301670000000000016e+01 1.586500000000000057e+02
-7.500000000000000000e-01 -9.031669999999998311e+01
6.072220000000000795e+01 -4.604030000000000200e+01
-2.506670000000000087e+01 -1.300833000000000084e+02
-2.073639999999999617e+01 1.168464000000000027e+02
-3.441669999999999874e+01 1.925000000000000711e+01
3.348780000000000001e+01 4.835580000000000211e+01
5.302000000000000046e-01 7.299649999999999750e+01
-4.186670000000000158e+01 -7.383329999999999416e+01
-3.502279999999999660e+01 1.178813999999999851e+02
-2.295609999999999928e+01 1.450809999999999711e+01
-1.041670000000000051e+01 1.057166999999999888e+02
-1.179999999999999938e+00 1.360800000000000125e+02
-3.502279999999999660e+01 1.178813999999999851e+02
-5.476999999999999647e-01 1.669208999999999605e+02
3.383300000000000640e+00 -5.979999999999999716e+01
-4.288060000000000116e+01 1.473249999999999886e+02
6.150819999999999510e+01 -1.496252000000000066e+02
-1.346999999999999864e-01 3.049500000000001165e+01
4.333010000000000161e+01 1.455828999999999951e+02
-4.395139999999999958e+01 -1.765611000000000388e+02
-4.395139999999999958e+01 -1.765611000000000388e+02
1.804639999999999844e+01 -1.597190000000000509e+01
6.963899999999999757e+00 1.582081000000000017e+02
5.021669999999999590e+01 -6.638330000000000553e+01
1.995690000000000097e+01 5.627579999999999671e+01
-5.428329999999999700e+01 -3.650000000000000711e+01
1.840540000000000020e+01 -6.597920000000000584e+01
6.473329999999999984e+01 1.775167000000001281e+02
-5.428329999999999700e+01 -3.650000000000000711e+01
6.324899999999999523e+00 8.113699999999994361e+00
5.313329999999998421e+01 1.407333000000000141e+02
-7.500000000000000000e-01 -9.031669999999998311e+01
-3.706750000000000256e+01 -1.231049999999999400e+01
-2.025819999999999865e+01 5.775450000000000017e+01
-4.641309999999999292e+01 1.683474999999999682e+02
2.150119999999999720e+01 -1.580177999999999940e+02
2.725779999999999959e+01 3.381170000000000897e+01
-4.288060000000000116e+01 1.473249999999999886e+02
6.917800000000000615e+00 1.581850000000000023e+02
3.229419999999999646e+01 -6.478390000000000271e+01
3.661880000000000024e+01 -1.219258999999999986e+02
1.309750000000000192e+01 -5.961670000000000158e+01
7.076699999999999591e+01 9.749999999999998579e+01
5.351399999999999046e+00 4.852559999999999718e+01
-2.525000000000000000e+01 4.583330000000000126e+01
3.179579999999999629e+01 -1.165910999999999973e+02
6.401670000000001437e+01 -2.256670000000001153e+01
-1.753340000000000032e+01 -1.495666999999999973e+02
9.893000000000000682e+00 7.873130000000000450e+01
-2.185799999999999965e+00 -5.671279999999999433e+01
4.748169999999999646e+01 -5.279710000000000036e+01
5.373330000000000695e+01 1.272500000000000000e+02
-1.041670000000000051e+01 1.057166999999999888e+02
-7.975000000000000533e+00 1.313074999999999761e+02
6.483530000000000371e+01 -1.476533000000000015e+02
-2.506670000000000087e+01 -1.300833000000000084e+02
1.686360000000000170e+01 -9.988249999999999318e+01
-1.179999999999999938e+00 1.360800000000000125e+02
3.466179999999999950e+01 -1.204714000000000027e+02
2.408890000000000242e+01 3.289969999999999573e+01
5.043330000000000268e+01 8.026670000000000016e+01
3.324969999999999715e+01 1.265599999999999881e+02
3.675549999999999784e+01 -1.081822999999999979e+02
4.455810000000000315e+01 4.750800000000020340e+00
-1.440889999999999915e+01 -5.644579999999999842e+01
-4.641309999999999292e+01 1.683474999999999682e+02
1.265000000000000213e+01 5.401669999999999305e+01
-3.717799999999999994e+00 -5.373690000000000566e+01
-1.041670000000000051e+01 1.057166999999999888e+02
6.940640000000000498e+01 8.617640000000000100e+01
-4.641309999999999292e+01 1.683474999999999682e+02
-3.441669999999999874e+01 1.925000000000000711e+01
-5.428329999999999700e+01 -3.650000000000000711e+01
2.789140000000000441e+01 5.343440000000000367e+01
3.572610000000000241e+01 1.117108000000000061e+02
-1.179999999999999938e+00 1.360800000000000125e+02
-5.170000000000000995e+01 -5.785000000000000142e+01
1.265000000000000213e+01 5.401669999999999305e+01
-2.506670000000000087e+01 -1.300833000000000084e+02
2.864999999999999858e+01 -1.789999999999998437e+01
-4.288060000000000116e+01 1.473249999999999886e+02
-9.083299999999999486e+00 1.431999999999999886e+02
6.480059999999998865e+01 -1.473876999999999953e+02
1.521369999999999756e+01 1.457546000000000106e+02
4.079429999999999268e+01 -1.241564000000000050e+02
-2.120700000000000074e+01 -1.597709999999999866e+02
4.281929999999999126e+01 9.351510000000000389e+01
1.521369999999999756e+01 1.457546000000000106e+02
2.256670000000000087e+01 5.811670000000000158e+01
-7.500000000000000000e-01 -9.031669999999998311e+01
-4.186670000000000158e+01 -7.383329999999999416e+01
-2.506670000000000087e+01 -1.300833000000000084e+02
1.521369999999999756e+01 1.457546000000000106e+02
3.469190000000000396e+01 5.001310000000000144e+01
2.150119999999999720e+01 -1.580177999999999940e+02
-2.103389999999999915e+01 5.571280000000000143e+01
2.919999999999999574e+01 2.551669999999999661e+01
-1.662280000000000157e+01 -5.447390000000000043e+01
5.845459999999999923e+01 -1.341739000000000033e+02
-2.120700000000000074e+01 -1.597709999999999866e+02
-4.288060000000000116e+01 1.473249999999999886e+02
-1.045000000000000107e+01 1.619167000000000201e+02
4.866699999999999804e+00 -2.233300000000090435e+00
4.988439999999999230e+01 -9.714639999999999986e+01
3.087060000000000670e+01 1.053784000000000134e+02
-2.506670000000000087e+01 -1.300833000000000084e+02
4.233329999999999416e+01 5.914999999999999858e+01
-1.580000000000000071e+01 1.184999999999999254e+01
-3.223940000000000339e+01 1.157702000000000027e+02
-2.114110000000000156e+01 1.491858000000000288e+02
-7.928600000000000314e+00 -1.441190000000002591e+01
-5.428329999999999700e+01 -3.650000000000000711e+01
1.720199999999999818e+01 -2.509299999999998221e+01
-2.506670000000000087e+01 -1.300833000000000084e+02
3.865579999999999217e+01 -2.721530000000000271e+01
2.652859999999999729e+01 -7.869670000000000698e+01
2.288970000000000482e+01 -1.099155999999999977e+02
3.866700000000000248e+00 1.151669999999999483e+01
-4.288060000000000116e+01 1.473249999999999886e+02
-1.692000000000000171e+01 1.457800000000000296e+02
1.856139999999999901e+01 1.207877999999999901e+02
6.473329999999999984e+01 1.775167000000001281e+02
-3.351890000000000214e+01 -5.336779999999999546e+01
1.254180000000000028e+01 -7.002200000000000557e+01
-2.120700000000000074e+01 -1.597709999999999866e+02
3.229419999999999646e+01 -6.478390000000000271e+01
3.673349999999999937e+01 -7.604349999999999454e+01
4.434390000000000498e+01 1.294655999999999949e+02
-6.094000000000000528e-01 7.308990000000001430e+01
-1.753340000000000032e+01 -1.495666999999999973e+02
1.968830000000000169e+01 -1.550862999999999943e+02
5.351399999999999046e+00 4.852559999999999718e+01
-2.120700000000000074e+01 -1.597709999999999866e+02
3.841760000000000019e+01 1.413026999999999873e+02
7.966700000000000337e+00 -6.666700000000013837e+00
-3.706750000000000256e+01 -1.231049999999999400e+01
-1.031670000000000087e+01 1.504333000000000027e+02
7.766700000000000159e+00 4.566700000000011528e+00
3.229419999999999646e+01 -6.478390000000000271e+01
5.025030000000000996e+01 5.843469999999999942e+01
-3.030220000000000269e+01 1.531188999999999965e+02
4.035889999999999844e+01 4.512669999999999959e+01
3.055499999999999972e+01 7.956499999999998352e+01
-5.476999999999999647e-01 1.669208999999999605e+02
-2.503249999999999886e+01 4.698330000000001405e+01
-2.113329999999999487e+01 -1.751999999999999318e+02
-5.480190000000000339e+01 -6.830310000000000059e+01
-3.441669999999999874e+01 1.925000000000000711e+01
-2.113329999999999487e+01 -1.751999999999999318e+02
-5.173329999999999984e+01 -7.251670000000000016e+01
5.964330000000000354e+01 5.675000000000000000e+01
-3.502279999999999660e+01 1.178813999999999851e+02
1.566999999999999815e+01 7.573000000000000398e+01
-2.503249999999999886e+01 4.698330000000001405e+01
4.635000000000000142e+01 4.803500000000000369e+01
1.662999999999999901e+01 -1.139999999999999147e+01
-7.500000000000000000e-01 -9.031669999999998311e+01
6.921670000000000300e+01 -5.110000000000000142e+01
-3.826670000000000016e+01 -5.783330000000000126e+01
1.309750000000000192e+01 -5.961670000000000158e+01
6.921670000000000300e+01 -5.110000000000000142e+01
-2.025819999999999865e+01 5.775450000000000017e+01
1.586190000000000033e+01 -9.706719999999999970e+01
-2.506670000000000087e+01 -1.300833000000000084e+02
-1.753340000000000032e+01 -1.495666999999999973e+02
8.566699999999999093e+00 8.123329999999999984e+01
-6.094000000000000528e-01 7.308990000000001430e+01
-3.359170000000000300e+01 2.688749999999998153e+01
1.321669999999999767e+01 8.031669999999999732e+01
-4.616699999999999804e+00 5.545000000000000284e+01
4.700039999999999196e+01 8.946659999999999968e+01
3.490780000000000172e+01 -7.689870000000000516e+01
6.963899999999999757e+00 1.582081000000000017e+02
-2.506670000000000087e+01 -1.300833000000000084e+02
3.960000000000000142e+01 1.651670000000001792e+01
4.777250000000000085e+01 1.072536000000000058e+02
-1.213499999999999979e+01 4.442749999999999488e+01
2.864999999999999858e+01 -1.789999999999998437e+01
-2.210419999999999874e+01 -6.559720000000000084e+01
-2.365000000000000568e+01 -7.040000000000000568e+01
1.656599999999999895e+01 -2.435700000000001708e+01
-4.616699999999999804e+00 5.545000000000000284e+01
3.229419999999999646e+01 -6.478390000000000271e+01
-7.500000000000000000e-01 -9.031669999999998311e+01
7.083300000000000374e+00 1.713832999999999345e+02
4.083809999999999718e+01 -1.157677999999999798e+02
1.968830000000000169e+01 -1.550862999999999943e+02
2.288970000000000482e+01 -1.099155999999999977e+02
3.266329999999999245e+01 -1.154677999999999969e+02
-2.506670000000000087e+01 -1.300833000000000084e+02
-2.073639999999999617e+01 1.168464000000000027e+02
-3.301749999999999829e+01 2.790469999999998407e+01
2.141329999999999956e+01 -1.581700999999999908e+02
-3.299779999999999802e+01 1.794560000000000599e+01
6.418139999999999645e+01 -5.169419999999999504e+01
-3.502279999999999660e+01 1.178813999999999851e+02
-9.074500000000000455e+00 -7.859359999999999502e+01
1.968830000000000169e+01 -1.550862999999999943e+02
4.668139999999999645e+01 1.132803000000000111e+02
5.203329999999998989e+01 1.134999999999999858e+02
4.435590000000000543e+01 1.424632000000000005e+02
-2.506670000000000087e+01 -1.300833000000000084e+02
-2.120700000000000074e+01 -1.597709999999999866e+02
-5.428329999999999700e+01 -3.650000000000000711e+01
-7.500000000000000000e-01 -9.031669999999998311e+01
-1.827800000000000313e+00 -4.486779999999999546e+01
1.403279999999999816e+01 -8.656690000000000396e+01
-9.012199999999999989e+00 -3.522249999999998948e+01
4.988439999999999230e+01 -9.714639999999999986e+01
-1.799390000000000001e+01 3.104810000000000159e+01
-8.516700000000000159e+00 1.791999999999996760e+02
-3.706750000000000256e+01 -1.231049999999999400e+01
4.751890000000000924e+01 -5.280579999999999785e+01
-5.173329999999999984e+01 -7.251670000000000016e+01
-6.983799999999999564e+00 -6.026989999999999981e+01
4.243329999999999558e+01 -1.233316999999999979e+02
6.072220000000000795e+01 -4.604030000000000200e+01
-2.025819999999999865e+01 5.775450000000000017e+01
2.224030000000000129e+01 6.896859999999999502e+01
5.226749999999999829e+01 -9.696200000000011698e+00
7.821670000000001721e+01 1.563329999999998954e+01
7.083300000000000374e+00 1.713832999999999345e+02
2.252919999999999945e+01 -8.113249999999999318e+01
4.515829999999998989e+01 1.532100000000035100e+00
3.768339999999999890e+01 -1.130956000000000046e+02
-5.476999999999999647e-01 1.669208999999999605e+02
5.056670000000000442e+01 1.370000000000000000e+02
1.968830000000000169e+01 -1.550862999999999943e+02
6.921670000000000300e+01 -5.110000000000000142e+01
-3.395810000000000883e+01 2.559999999999999787e+01
2.141329999999999956e+01 -1.581700999999999908e+02
1.636700000000000044e+00 7.417800000000013938e+00
2.141329999999999956e+01 -1.581700999999999908e+02
2.141329999999999956e+01 -1.581700999999999908e+02
-3.502279999999999660e+01 1.178813999999999851e+02
1.265000000000000213e+01 5.401669999999999305e+01
2.621219999999999928e+01 1.276791999999999945e+02
-3.502279999999999660e+01 1.178813999999999851e+02
6.115079999999999671e+01 -1.491091000000000122e+02
1.309750000000000192e+01 -5.961670000000000158e+01
6.418139999999999645e+01 -5.169419999999999504e+01
-2.296580000000000155e+01 -4.202779999999998495e+01
6.401670000000001437e+01 -2.256670000000001153e+01
-3.403329999999999700e+01 2.491669999999998808e+01
-2.025819999999999865e+01 5.775450000000000017e+01
9.429999999999997939e+00 -1.309799999999999187e+01
-1.592510000000000048e+01 -5.717899999999999316e+00
-1.780000000000000071e+01 1.774166999999999348e+02
-1.133299999999999974e+00 1.248329999999999984e+01
1.338200000000000056e+00 1.730176000000000158e+02
2.288970000000000482e+01 -1.099155999999999977e+02
-2.506670000000000087e+01 -1.300833000000000084e+02
-2.506670000000000087e+01 -1.300833000000000084e+02
-5.480190000000000339e+01 -6.830310000000000059e+01
-2.525000000000000000e+01 4.583330000000000126e+01
-1.041670000000000051e+01 1.057166999999999888e+02
-1.017019999999999946e+01 1.236077000000000083e+02
-6.234899999999999665e+00 1.069923000000000144e+02
7.076699999999999591e+01 9.749999999999998579e+01
