9.956756654444552934e-01 -1.285508665870009094e-02 9.200389116085513908e-02
-2.304600820362776858e-01 8.771018271148579570e-01 4.214030558261413484e-01
8.034236064540162259e-01 -5.737707155172528939e-01 -1.590524272283887486e-01
2.727927922935310945e-01 -7.863003171195870333e-01 -5.543608064882790121e-01
7.631218913862841680e-01 -6.442467246819986171e-01 -5.090320838156951050e-02
-5.389711166319852836e-02 -9.612210758963120050e-01 2.704609853696110511e-01
-2.996292195508875045e-01 9.328162138557439809e-01 2.001905141587907999e-01
-1.478475914367036459e-01 -9.315156856277847508e-01 3.322944735257623017e-01
-4.977918519353435323e-01 8.294810130798382364e-01 2.533071674604299717e-01
7.431073625316710896e-01 4.381885126300839595e-01 5.057492216012382524e-01
-4.223566160086626442e-01 9.027050639819987898e-01 8.208810129955886048e-02
7.614859627840055989e-01 -5.094895796208538663e-02 6.461759297323707019e-01
6.174550144336201640e-01 4.501803219627995706e-02 7.853169308807448346e-01
-5.596051633097910427e-01 8.172827282903173396e-01 1.374445460371466476e-01
2.539118905361445466e-01 9.218213049015944183e-01 2.928723846214980608e-01
6.236080425051977461e-01 -8.152590580006400037e-03 7.816946619938440755e-01
-5.287502505500077943e-01 8.273148949498815297e-01 1.896661201621694659e-01
-5.752105938587649403e-01 5.860194505078774041e-01 5.707135676844315997e-01
8.500341143231379681e-02 8.933009831340694706e-01 4.413476787936848056e-01
-6.613029036332863930e-02 9.126916457199018007e-01 4.032626247615306858e-01
6.525848773691443894e-01 -6.643720200792057051e-01 -3.643388488275359771e-01
2.522272743217810476e-01 9.415221920039298364e-01 2.234219417432408705e-01
2.334358712823137172e-01 -9.723303809830772249e-01 9.017994010365940408e-03
9.581102142698605384e-01 -2.086092924381371949e-01 1.962319556550915500e-01
6.423639512551456709e-01 -6.515122337494105853e-01 -4.036091716038304189e-01
-2.089625483622521429e-01 8.907065909274853865e-01 4.037033840089659931e-01
-3.570155958719636868e-01 7.435930524147370546e-01 5.653399302231543189e-01
1.754284756667821576e-01 8.674260593201277292e-01 4.656145203251114140e-01
-4.498987095422312676e-01 5.710360523502568952e-01 6.866651134785206612e-01
2.290582931538048816e-01 9.221300433950013753e-01 3.117827471265823824e-01
8.688544284836949849e-01 4.519000219348650038e-01 -2.021839565335005195e-01
-4.728746674992342358e-01 8.767566557468422506e-01 8.767733710088237986e-02
2.927700971652064110e-01 -9.457873698626702019e-01 1.406126637758073616e-01
5.598233247739046181e-01 -3.439423873721277752e-02 8.278978689311737860e-01
6.265105520312431731e-01 2.470000373908007307e-01 7.392398188155518968e-01
1.665161865034153477e-01 9.491059297690838115e-01 2.673392857578599235e-01
-4.678405116953986420e-01 7.770804974251784847e-01 4.210358133674910186e-01
5.451372910489687973e-01 3.762995816672791705e-01 7.491488228281630857e-01
6.181185228611149052e-01 2.004954369907993306e-01 7.600862263203180813e-01
1.566547571018804541e-01 -7.965844898047892420e-01 5.838770741173131551e-01
6.653289056710259830e-02 -9.751621185205100462e-01 2.112633831864307865e-01
6.190216880450297721e-01 1.171701460760036784e-01 7.765843847248087295e-01
-4.583077093715176020e-01 8.759169615565464140e-01 1.507432253475432249e-01
9.142701550986888082e-01 4.022884963235329181e-01 4.768699216317214690e-02
6.573769105806888113e-01 2.455758795893826438e-02 7.531616840420309877e-01
-5.577035036352430142e-01 8.189129516980853118e-01 1.354561906082692446e-01
2.082965909985542707e-01 -7.260482664299146016e-01 6.553368942707993305e-01
2.383181844644882419e-01 9.097084981221988942e-01 3.400513070079328459e-01
6.866005180831410426e-01 2.790327073220131293e-01 6.713571901845619694e-01
-5.708834399623439193e-01 8.207057227817398104e-01 2.311308222766480375e-02
-4.692445676639265401e-02 -7.413622255920754300e-01 6.694625798521853799e-01
2.271504601974604631e-01 -9.105023574937671782e-01 3.455258679612485118e-01
8.867681706024593824e-02 8.930637606712199528e-01 4.411049098478065922e-01
9.423380222103512616e-02 -7.588216018802216301e-01 6.444453173380200184e-01
6.492677504915238540e-01 -6.628946652602152323e-01 -3.728566090888341678e-01
-4.140608000397408839e-01 -2.477209664079484952e-01 8.758926741743886524e-01
7.872356563202459467e-01 2.622432193731521477e-01 -5.581115617068297396e-01
6.015405044996617601e-02 8.964818410150934280e-01 4.389781303717210093e-01
9.427741514300805314e-02 -7.606164458532789219e-01 6.423195398642944642e-01
-1.331479968876737585e-01 -9.405474045973811759e-01 3.124775041981905366e-01
2.631652807986833986e-01 7.025588936818503161e-01 6.611770079870327166e-01
-1.293574156843814993e-01 -9.119245522441233875e-01 3.894358355644907954e-01
8.110550323051838317e-01 -3.775320647104190089e-03 5.849576749872154036e-01
6.670910991846040750e-01 1.836973978955546427e-01 7.219728051631023602e-01
6.144919067235108390e-01 5.844693768377820509e-02 7.867551410996261874e-01
1.549122731323940017e-01 -7.137289851502242044e-01 6.830762207758264148e-01
4.294749372566551426e-01 -7.022141834742877675e-01 -5.678437450531012010e-01
1.289967068295830299e-01 -8.088695030471991787e-01 5.736636441916986850e-01
7.920300961306120380e-01 -5.422712554301277466e-02 6.080688659014501507e-01
2.217660656898826077e-01 9.557481195435955090e-01 1.933011745885466481e-01
6.495797649475503199e-01 1.133731716448228236e-03 7.602926039513211443e-01
2.380747955745661504e-01 7.235297422510671428e-01 6.479391204351168110e-01
-3.868617464042308773e-01 -7.332490925550595451e-01 5.591813278680274335e-01
6.779917735527379863e-01 -2.621054231349963237e-02 7.346020436035045620e-01
6.858540593313185996e-01 2.643437908294493099e-01 6.780313927456961265e-01
-4.614252984774041000e-01 8.739394021246510436e-01 1.526977908780807192e-01
9.769264953790526285e-01 2.073545456886034810e-01 5.117338183738402713e-02
-3.938663399783961516e-01 -7.282339659245288255e-01 5.608427561321039923e-01
7.297295388895418400e-01 -1.130554802132278241e-01 6.743242976979348935e-01
6.395600723114160946e-01 6.975490523172985791e-01 -3.230916797385147698e-01
5.331730173886989332e-01 5.731162499210680217e-01 6.223056303819226587e-01
2.368445000495271457e-01 -7.072710171510562249e-01 6.660873749699807167e-01
6.735949726474453891e-01 2.801836446771190370e-01 6.839348931583569824e-01
5.495141378330994364e-01 5.738354434022017170e-01 6.072454991327181917e-01
-3.970059570466741850e-01 7.631323235718001641e-01 5.099169802912624228e-01
6.469446894947455950e-01 9.784118533853658484e-02 7.562338733395227441e-01
2.155355427467214036e-01 -7.265646427658382089e-01 6.524172358969573260e-01
-8.571326796051293995e-01 -3.736635298714146569e-01 3.545407395447879306e-01
4.378933369023159661e-01 1.904496081185665934e-01 8.786229978005579699e-01
7.139526990300769371e-02 -8.300321073915465364e-01 5.531269439600867699e-01
-2.221155270491473599e-01 -8.828115660611841609e-01 4.138942273966612073e-01
-5.379796283470483775e-01 8.332981684471810757e-01 1.272481117586629074e-01
7.891912978495119191e-01 5.485226684880857295e-01 -2.762245057074277366e-01
6.188242218926889304e-01 5.915871761326380041e-02 7.832986841105136211e-01
1.428312311124858569e-01 9.069224971752435360e-01 3.963468475165558003e-01
5.501746403394602858e-01 3.222449471197237902e-01 7.703674832073015288e-01
6.796158229803541673e-01 -1.743672066714258700e-02 7.333609574603163761e-01
1.639754779845191968e-01 9.465684261523836796e-01 2.777053424605795962e-01
9.782717076651277210e-01 -7.326987658072066367e-02 1.939484239889580353e-01
1.840700916053337743e-01 9.400106056332815374e-01 2.872251080134805012e-01
1.997132667653456761e-01 -7.377686140365193879e-01 6.448349271096807112e-01
-2.832453397925886462e-01 9.404728679981479988e-01 1.878373286786181318e-01
-2.774082327808110038e-01 -7.079132953102905690e-01 6.495409445973000517e-01
7.223941939413015545e-01 1.589608459220702708e-01 6.729621668590567429e-01
2.171855537605145992e-01 9.654173175834082077e-01 1.442214898959074121e-01
-5.337563916567649169e-01 8.266426401296916859e-01 1.782303562386698959e-01
5.133308947908461761e-02 8.968965922045650796e-01 4.392509724706029628e-01
-1.864321115712955779e-01 6.310704992834967886e-01 7.529894373157873799e-01
1.538647436684534020e-01 -7.129779124702528836e-01 6.840965845444644255e-01
-4.069547397594122096e-01 -6.678699915452184221e-01 6.231673243846623800e-01
5.938836004070354724e-01 -2.367945293993564682e-02 8.042024326474286333e-01
4.438331783659132390e-01 3.970655021309270616e-01 8.033374737923820730e-01
-7.276896781185298035e-01 3.998854109682973279e-01 -5.572785573252091451e-01
6.193378921919852065e-01 6.834347364493147392e-01 -3.864421513107033079e-01
-1.446580323808595026e-01 9.799181394109143239e-01 1.372388200224342880e-01
2.044217801899456399e-01 8.925523629599017017e-01 4.019477766559600984e-01
-5.303897590207514064e-03 -7.793953730633562671e-01 6.265099529279518631e-01
7.811435306840459614e-01 5.523991356310952172e-01 -2.909810636871099088e-01
7.837358688567802600e-01 1.983767933744319811e-01 5.885615819247681513e-01
3.741056908636017364e-01 -8.102590465904981887e-01 -4.511376835088419801e-01
9.758251490564466835e-01 -1.806383050636624910e-01 1.230247178931564156e-01
1.429969154468175019e-01 -8.707142675212504734e-01 4.705406959101707809e-01
2.256103096101499950e-01 9.541830488379138275e-01 1.965571100418291861e-01
6.698896451861374723e-01 1.737318042642573557e-01 7.218484075340726447e-01
6.129349385297466757e-01 6.478224981353793155e-02 7.874731876315738122e-01
-5.833340780822452443e-01 5.507644055094997881e-01 5.969756468832747576e-01
6.089051623091819021e-01 -1.570014757684271706e-02 7.930876424956413429e-01
1.954091936040318889e-01 -6.733353331701318334e-01 7.130461248472567126e-01
2.207949197685619147e-01 -6.479616837743862323e-01 7.289686274214114414e-01
5.335277898559139670e-02 -7.637848678850099882e-01 6.432621211950790840e-01
-5.983666896924005885e-01 5.239208366185161836e-01 6.061883054163222928e-01
6.895764616042696082e-02 9.030664045164463749e-01 4.239291356698089985e-01
2.177904372244157949e-01 -9.534691146476511614e-01 -2.084801498143697418e-01
3.749828214521975234e-01 -9.245775433994734005e-01 6.741105144666156845e-02
7.334156727569076661e-01 3.020420718172407981e-01 6.089926418331187419e-01
7.254920295441267264e-01 2.364267991227272936e-01 6.463464115507453478e-01
7.506199848142282027e-01 -6.210771969601185383e-01 -2.254612024576510831e-01
1.793542487504934668e-01 9.670966205412699912e-01 1.804333117603310610e-01
-1.699808739209546227e-01 9.840842994869823945e-01 5.181306789106223526e-02
2.051615746634145865e-01 -7.061109717288791554e-01 6.777285768548690914e-01
-5.345130929153365518e-01 8.241262017714316990e-01 1.873813145857246010e-01
9.910321078074005863e-01 9.571708085095505247e-02 9.323948588550019789e-02
-4.608179726247790264e-01 7.917327655981919454e-01 4.010062642705558011e-01
-1.005532273640640240e-01 -8.333171441238093058e-01 5.435729810945437723e-01
3.285513410702330106e-02 9.087418830238201961e-01 4.160633728185298419e-01
8.182497297481723386e-01 5.242266812702168766e-01 -2.359105050892338629e-01
5.614863725745554701e-01 5.117450990286188661e-01 6.502691804424199917e-01
4.910950671819215851e-01 7.790916315724489838e-01 3.896689166502295132e-01
1.522589617541924290e-01 -8.880915132623558028e-01 4.337172726983722915e-01
-1.380783310244966533e-01 -9.232863767065131455e-01 3.584363836019557326e-01
6.002986975293266303e-01 -2.644054859029613957e-02 7.993387086428619392e-01
7.219419169382894352e-02 9.028082325920918638e-01 4.239402007944256812e-01
-5.320061431684935949e-01 8.130091844351703401e-01 2.366126151646261166e-01
6.199563406800407961e-01 8.455640781525465555e-02 7.800668878679529739e-01
-9.685440334249050265e-01 -3.114334348095573052e-02 -2.468856971836231040e-01
8.158023957948892235e-01 -5.490063958516404330e-02 5.757190033240685567e-01
2.126734696417336423e-01 -7.276542573620545795e-01 6.521420681518892426e-01
2.672672501160481273e-01 -9.110307100262664548e-01 3.139924559674049376e-01
-7.911540594973766050e-01 4.013753627328279228e-01 -4.614900565905102336e-01
3.110220742485611881e-02 -6.870937441927297273e-01 7.259027754351935480e-01
8.047284971429958800e-01 5.780431396456627846e-01 -1.351967994982131716e-01
9.771465964958184758e-01 7.719483279928014696e-02 1.980542520263812722e-01
-4.355647405206287681e-01 2.424322245496250139e-01 8.668967489356027567e-01
9.227942344395726471e-01 -2.891861837208567487e-01 2.546019482055275618e-01
9.389838621158667076e-01 3.291347528182147486e-01 -9.989805390128382589e-02
5.654225813862918670e-01 2.179890954040078765e-01 7.954734808548958869e-01
5.453870416998685133e-01 6.686653075102446664e-01 5.054104087551974933e-01
-2.902149894678797762e-02 -9.590388981954611758e-01 2.817838610476433026e-01
2.632700636579410891e-01 -9.600290018149336690e-01 9.504309157306377320e-02
1.320845085778494798e-01 -8.656009409114533426e-01 4.829996829056460439e-01
2.890675466533993987e-01 7.662324229042802859e-01 5.738709154174141958e-01
6.564790621710679952e-01 2.907691852307487876e-02 7.537836385463653199e-01
4.697560363822044782e-01 -8.632454052319745719e-01 1.847610257288181956e-01
8.702414822847508447e-01 4.760485465130095406e-01 1.267183643900546275e-01
5.934218860890162484e-01 4.675357005336814864e-01 6.551800010966714050e-01
-5.943288213692714955e-02 -8.322477340447849148e-01 5.512090725833703742e-01
7.026351199258858982e-01 -6.197352158204149086e-01 -3.496171484906875904e-01
5.106662125985653722e-01 6.319542274704454954e-01 5.829698737434629852e-01
7.201236432764779316e-01 -1.062024801624245479e-01 6.856697248687313451e-01
1.976366079269298026e-01 -7.376619596746404328e-01 6.455963169474451258e-01
-5.853134106959954064e-01 5.483266607034675832e-01 5.972822485401733106e-01
2.393062487417326190e-01 9.231149936822172775e-01 3.009837665925519379e-01
6.074498677941502223e-01 -1.639679332750254223e-02 7.941887705611586634e-01
3.884274980706280411e-01 -8.658581031047636323e-01 3.152995782274578551e-01
1.991526751567513631e-01 -9.799609525727279724e-01 -3.839714919242614034e-03
6.947014468098376971e-01 9.608638190191386153e-02 7.128515322374763263e-01
2.276844046121093423e-01 -7.001916199774946836e-01 6.766768114910698406e-01
-3.054446941387461423e-01 7.435125708981741299e-01 5.948887255099691851e-01
5.750522794958158324e-01 1.043201704220464987e-01 8.114383389326519369e-01
6.661414699716151633e-01 1.864676249092911686e-01 7.221394372589988730e-01
6.735773566353309150e-02 -9.697544782403541008e-01 2.346043208874467600e-01
6.297206737354922312e-01 -6.647479657068897652e-01 -4.019477766559600984e-01
6.788608308490798326e-02 9.318469849319167553e-01 3.564444927287906406e-01
-1.969035072255606866e-01 9.551505399250755923e-01 2.211706466127683068e-01
-4.013810580713133014e-01 -6.201771709713778113e-01 6.739981623324290405e-01
-3.366251792032896040e-01 -6.040391817092313209e-01 7.223712035279336030e-01
2.937885560830082454e-01 9.543819028965564444e-01 5.332417592620754959e-02
9.934722706122178781e-01 -6.772814475178097482e-02 9.179186201992990679e-02
9.097544477653263240e-01 4.006180828809063343e-01 -1.088668748519645707e-01
6.473640752597185077e-01 8.025140395235970392e-02 7.579442368847491007e-01
6.006718399063614156e-01 1.043717084640256865e-01 7.926536994273141179e-01
2.884680714047809791e-01 4.929959523250788678e-01 8.208173747984960356e-01
-1.271022327583952449e-01 9.483820438428647304e-01 2.905452139414128609e-01
4.225279353001753016e-03 -9.683565513355077981e-01 2.495350406255423537e-01
5.225459293305368957e-01 3.137811804128673998e-01 7.927717972776232580e-01
7.919926462285497015e-01 -1.210425544121649516e-02 6.104106284462230692e-01
7.188107364050484449e-01 8.983711797026748547e-02 6.893768327001046359e-01
6.845878390319003470e-01 4.841916010914400492e-01 5.448834591746575251e-01
7.713082058806890462e-01 -4.700942420928879914e-03 6.364444615844084829e-01
6.069497714107219971e-02 -7.834564770141403400e-01 6.184756004681482011e-01
-7.732718261653143133e-01 6.325326104998215682e-01 -4.419479056677103751e-02
-2.830048407439721115e-04 -9.709570357617732794e-01 2.392537452433516898e-01
8.538063708354191872e-02 9.262455298580491991e-01 3.671230927484543383e-01
6.381453215704504522e-01 6.946880592856867764e-01 -3.319322955719020141e-01
-2.069113523450845926e-01 -9.177870334212526737e-01 3.389021297580535608e-01
3.866811768202856880e-01 -9.049065825863767953e-01 1.778250384077671442e-01
-5.440693689951715539e-01 6.301747798240596721e-01 5.539569194394936558e-01
5.144101512399613663e-01 2.217177780517977370e-01 8.283860351291865154e-01
4.827715124392409352e-01 7.783000931592942706e-01 4.014730772609313991e-01
6.450164839526699723e-01 1.638468733552829737e-01 7.463966355236556494e-01
1.564159758623406282e-01 -7.123809976659457588e-01 6.841398662989193191e-01
7.228905433260095492e-01 2.059207881405950291e-01 6.595649258271567561e-01
2.122122250151642631e-01 8.060556337008183414e-01 5.524855535969112053e-01
2.080389107162768092e-01 -7.238963648831432396e-01 6.577946978632133179e-01
2.065742773129481125e-01 9.573771288370376276e-01 2.018814036318938021e-01
7.804388047212779123e-01 -6.207201161624504859e-01 -7.497872682632769625e-02
-2.802962248282174218e-01 7.661318748747499852e-01 5.783389807439490715e-01
-6.170843572487265671e-01 5.274609312422910978e-01 5.839450847913193465e-01
2.028747902179846851e-01 -7.347838075899492116e-01 6.472515551141033718e-01
2.900184950643597270e-01 -9.307473869798547073e-01 -2.227073733641896924e-01
8.492961280346164044e-01 5.259068922694013493e-01 -4.602203351600848980e-02
-5.574327900976070449e-01 8.171659110769213807e-01 1.466579636358766037e-01
7.156464295432251044e-01 6.611500303640732712e-01 2.252350444127616536e-01
9.508835761563222411e-01 2.572358586542833336e-01 1.721921531852049769e-01
1.301052587359810553e-01 -7.123885923757131700e-01 6.896195437356698044e-01
-1.938277287785256653e-01 7.863341248822504070e-01 5.866084346497446589e-01
2.561870563520475264e-01 7.884111822596946428e-01 5.592638016585226302e-01
3.379328526746391836e-01 4.503576285979328242e-01 8.264256732742679690e-01
1.265586884040697212e-02 -7.349784236293240847e-01 6.779723783335486198e-01
5.807770899295767730e-01 5.233214466885108829e-01 6.235644595779784582e-01
-1.044752600754052935e-01 -8.362427836772574619e-01 5.383148955582485184e-01
7.911153767013875404e-01 1.482918938062532110e-01 5.934188866037014565e-01
-7.501406933582785985e-01 6.760816027983379550e-02 -6.578131017481617659e-01
-4.844555606742579346e-01 8.300770150771723532e-01 2.761792149535555185e-01
6.243178383896144101e-01 3.399435203453956417e-02 7.804304073383296902e-01
6.501084047309096947e-02 5.936097468886781803e-01 8.021228453421219706e-01
8.459952225371591972e-01 -1.116898424316059291e-01 5.213611632466552681e-01
-1.905129074481672347e-01 -8.827083890009906897e-01 4.295704041049869248e-01
7.898804777732455484e-01 -7.026290038759600010e-02 6.092224188765810178e-01
6.926752192583754963e-01 4.847155906582417129e-01 5.340897272913918137e-01
1.112752091237527857e-01 -7.404397778788044393e-01 6.628474659899151744e-01
8.170112787087266959e-01 3.978953927704155791e-01 -4.173389831717232989e-01
6.993703091639947855e-01 9.522487880010427341e-02 7.083878832372585421e-01
1.416700220744013528e-01 -7.186914301552803641e-01 6.807438821368844151e-01
6.281637756442786102e-01 2.901340136059291086e-01 7.219643516942085837e-01
2.316172859503928538e-01 7.168271447104803684e-01 6.576566562083849821e-01
9.818839343240235440e-01 1.867130114707225841e-01 3.228298102577448203e-02
6.282990216081679735e-01 -1.434587193784516053e-02 7.778396591872658306e-01
2.056523659901334788e-01 9.644058630321145076e-01 1.662180366625193861e-01
9.617086483299236432e-01 2.634942711173934304e-01 -7.541382377087461897e-02
-6.179839535677901230e-01 5.265763663869905686e-01 5.837920550122255303e-01
-2.914064297836819750e-01 9.386093312645487075e-01 1.846478159736657798e-01
5.652185268359927184e-01 9.375477863186483518e-02 8.195962776910593606e-01
1.763004478463028324e-01 -9.720473366370928625e-01 1.550552399176737817e-01
8.507322386514087897e-02 9.135941247961651968e-01 3.976283713709581336e-01
8.105075127521782496e-01 1.220959420500351000e-01 5.728613730277090088e-01
6.937412969897423232e-02 8.965037100414330329e-01 4.375709405461655210e-01
2.508405186020087885e-01 -9.542064064772443066e-01 1.630005155367904857e-01
4.739161821808028363e-01 -8.781080713742520638e-01 -6.580020710121965710e-02
5.561890492397763008e-01 -3.827704653052626388e-02 8.301738427670758425e-01
9.810188044564233101e-01 1.721469192278491933e-01 8.926109736749911205e-02
6.104122997006869999e-01 4.486663904717222984e-01 6.527597524627224423e-01
5.703015549218775071e-01 -7.329962455323779658e-01 -3.707730309625102971e-01
-6.985879693722130135e-02 9.437857357336086883e-01 3.230916797385147698e-01
7.570949984602189931e-01 -6.481460052411075479e-01 -8.193850863004092933e-02
5.950476169595851905e-01 -2.484625103685548717e-02 8.033062911244579496e-01
1.328671327817341485e-01 9.477992330085535100e-01 2.898671056445673022e-01
6.384696676383038172e-01 6.906925951747864278e-01 -3.395588645235940728e-01
5.891703327725706929e-01 4.725769090311646714e-01 6.554001709117938113e-01
6.379495748996052429e-01 1.240048355832613497e-01 7.600283814683378436e-01
-3.905530972396178968e-01 -7.311092395602601934e-01 5.594171592525202241e-01
2.144090693934436742e-01 -7.266449331387018207e-01 6.526989291439729834e-01
-7.345245243134371216e-02 -9.474011179833381480e-01 3.115057926840880675e-01
9.308705698932803196e-01 3.512677415475284892e-01 1.004537498287556008e-01
9.943594090081757653e-01 -4.338738943368148325e-03 1.059742471607738740e-01
7.100912966466389475e-01 5.901401987514150183e-02 7.016321656572419574e-01
-3.773430534317675500e-01 -7.198861663510159881e-01 5.825599776188092882e-01
6.582161420831009746e-01 2.496628071375418118e-02 7.524149088957242659e-01
6.319043727972657454e-01 1.140767311667927886e-01 7.666050893687006429e-01
1.169344221450445698e-01 -7.983273838759992191e-01 5.907619902052835270e-01
5.886024012009494211e-01 -6.971805606888031859e-01 -4.092511198495645819e-01
7.016835318744908401e-01 1.548735204688157785e-01 6.954526682339609023e-01
-2.623572662110791320e-01 8.057726949029055952e-01 5.309416437002827394e-01
-5.851138903585739737e-01 5.756586645578694039e-01 5.711907187874336600e-01
-4.503605353652090915e-01 8.819787381237786938e-01 1.388844616332197968e-01
6.353284061208920308e-01 6.978080997129314511e-01 -3.307894683192232899e-01
6.174857195133081067e-01 -6.825631067974939903e-01 -3.909206971191023228e-01
-8.293095601819312768e-02 -8.660872982508989182e-01 4.929657679214318189e-01
9.946950474004708775e-01 -1.157490352546385395e-02 1.022144035121811817e-01
7.511296009704663268e-01 -1.147149323134616233e-01 6.501113803420656145e-01
-1.766933785095176623e-01 9.542537298461706285e-01 2.412037915654811349e-01
1.892403126482475051e-01 8.759520382802925553e-01 4.437297946964959827e-01
7.539031762928508629e-01 -6.535375317366292069e-01 -6.722124208273061452e-02
-1.734507955044402028e-01 9.565732352386118187e-01 2.342700731293098082e-01
-1.566015747710118033e-01 -8.881316639223428844e-01 4.320857488019823056e-01
-3.527141419619287399e-01 6.730768288429445079e-01 6.500463956786360908e-01
8.188865240965156334e-01 -3.909471220713388318e-02 5.726224446618978225e-01
-3.624627155966012038e-01 6.730818838986338815e-01 6.446561543720833454e-01
5.635376339763201736e-01 5.871672893926160874e-01 5.810851136965211605e-01
-1.038325860662464434e-01 -8.318894625327618586e-01 5.451410057936828535e-01
2.130126003433531479e-01 9.661991987373289570e-01 1.452058554408402480e-01
8.550349238066767832e-02 8.897456042507609908e-01 4.483769758887685697e-01
-6.228244174144343948e-01 5.297521819529501519e-01 5.757190033240685567e-01
1.697773596432090026e-01 -7.587129234182274917e-01 6.289120351772157225e-01
6.696841940314874897e-01 4.421340207098808373e-01 5.966913674549948476e-01
-6.200739423774151993e-01 5.066036143173663353e-01 5.990501514440266240e-01
1.579545405486592335e-01 8.771892340543453459e-01 4.534196850371770560e-01
-5.559981202398531774e-01 6.103209856511890852e-01 5.642467410304740083e-01
1.923323099853895268e-01 -7.397829261744073293e-01 6.447708931678874933e-01
-9.640265507754534058e-01 -1.285669550931154981e-01 -2.326442508596912317e-01
