5.278900000000001036e+00 -7.396999999999366304e-01
2.492320000000000135e+01 1.047217999999999876e+02
-9.151899999999999480e+00 -3.553279999999999461e+01
-3.366669999999999874e+01 -7.086669999999998026e+01
-2.917800000000000171e+00 -4.017190000000000083e+01
1.569169999999999909e+01 -9.320930000000001314e+01
1.154809999999999981e+01 1.078075000000000045e+02
1.940810000000000102e+01 -9.901860000000000639e+01
1.467330000000000112e+01 1.209689999999999941e+02
3.038109999999999289e+01 3.052659999999999485e+01
4.708599999999999675e+00 1.150738999999999947e+02
4.025390000000000157e+01 -3.827800000000025182e+00
5.174999999999999289e+01 4.170000000000067431e+00
7.900000000000000355e+00 1.243999999999999915e+02
1.703000000000000114e+01 7.459999999999999432e+01
5.141599999999999682e+01 -7.490000000004473080e-01
1.093330000000000091e+01 1.225833000000000084e+02
3.479999999999999005e+01 1.344666999999999746e+02
2.618990000000000506e+01 8.456430000000001712e+01
2.378229999999999933e+01 9.414419999999999789e+01
-2.136690000000000111e+01 -4.551280000000000570e+01
1.291010000000000169e+01 7.500300000000000011e+01
5.167000000000000481e-01 -7.650000000000000000e+01
1.131670000000000265e+01 -1.228329999999999522e+01
-2.380399999999999849e+01 -4.540509999999999735e+01
2.380990000000000251e+01 1.032030000000000030e+02
3.442589999999999861e+01 1.156466999999999814e+02
2.775000000000000000e+01 7.856669999999998311e+01
4.336669999999999447e+01 1.282333000000000141e+02
1.816670000000000229e+01 7.604999999999998295e+01
-1.166469999999999985e+01 2.747939999999999117e+01
5.030000000000000249e+00 1.183400000000000176e+02
8.083299999999999486e+00 -7.279999999999999716e+01
5.588340000000000884e+01 -3.515700000000044234e+00
4.766669999999999874e+01 2.151669999999999661e+01
1.550600000000000023e+01 8.004900000000000659e+01
2.489999999999999858e+01 1.210499999999999972e+02
4.851670000000000016e+01 3.461669999999999447e+01
4.947180000000000177e+01 1.797119999999999962e+01
3.572370000000000090e+01 -7.887430000000000518e+01
1.219639999999999880e+01 -8.609690000000000509e+01
5.094889999999999475e+01 1.071829999999996730e+01
8.669999999999999929e+00 1.176200000000000188e+02
2.733299999999999397e+00 2.375000000000000711e+01
4.886500000000000909e+01 2.139400000000102331e+00
7.785000000000002807e+00 1.242559999999999860e+02
4.094519999999999982e+01 -7.399230000000000018e+01
1.987999999999999901e+01 7.531999999999999318e+01
4.217190000000000083e+01 2.211670000000001579e+01
1.324400000000000022e+00 1.248225000000000051e+02
4.202559999999999718e+01 -9.362170000000000414e+01
2.021389999999999887e+01 -7.599190000000000111e+01
2.617439999999999856e+01 8.432940000000002101e+01
4.012409999999999854e+01 -8.292100000000000648e+01
-2.189189999999999614e+01 -4.559499999999999176e+01
6.115079999999999671e+01 -1.491091000000000122e+02
-3.392530000000000001e+01 1.842389999999999262e+01
2.603870000000000218e+01 8.616119999999999379e+01
3.996500000000001052e+01 -8.293429999999999325e+01
1.820860000000000056e+01 -9.805750000000000455e+01
4.138969999999999771e+01 6.946500000000000341e+01
2.291940000000000310e+01 -9.807359999999999900e+01
3.579999999999999716e+01 -2.667000000007833105e-01
4.621760000000000446e+01 1.539599999999998836e+01
5.188330000000000553e+01 5.433299999999993801e+00
4.308449999999999847e+01 -7.775410000000000821e+01
-3.460000000000000142e+01 -5.854999999999999716e+01
3.500610000000000355e+01 -8.093890000000000384e+01
3.744999999999999574e+01 -3.916700000000087556e+00
1.114550000000000018e+01 7.693659999999999854e+01
4.949000000000000199e+01 1.000000000001995404e-01
4.038639999999999475e+01 7.178640000000000043e+01
3.399920000000000897e+01 -1.178160999999999916e+02
4.727359999999999474e+01 -2.213899999999844770e+00
4.269000000000000483e+01 2.107779999999997855e+01
8.783300000000000551e+00 1.178332999999999942e+02
2.933300000000000018e+00 1.198329999999999984e+01
3.411410000000000764e+01 -1.184068000000000040e+02
4.240169999999999817e+01 -8.806699999999993977e+00
-1.885000000000000497e+01 4.748329999999999984e+01
3.848470000000001079e+01 4.706779999999999831e+01
4.176579999999999870e+01 -7.148579999999998336e+01
4.315189999999999770e+01 2.258500000000002217e+01
3.739060000000000628e+01 4.624029999999999774e+01
3.065830000000000410e+01 1.174848999999999819e+02
4.913329999999999842e+01 8.600000000000019185e+00
4.072409999999999997e+01 -7.347700000000000387e+01
2.076529999999999632e+01 -1.564454000000000065e+02
6.147669999999999391e+01 2.350529999999999475e+01
3.358180000000000121e+01 -8.508379999999999654e+01
2.444970000000000354e+01 -1.041225000000000165e+02
7.310599999999999987e+00 1.228464000000000027e+02
-1.603499999999999659e+01 3.480100000000000193e+01
5.156360000000000099e+01 5.460800000000004317e+00
2.335000000000000497e+01 8.104999999999999716e+01
5.038689999999999714e+01 3.035810000000001452e+01
4.716890000000000072e+01 -1.469700000000182527e+00
1.612330000000000041e+01 8.017210000000000036e+01
1.118329999999999913e+01 -4.283299999999955254e+00
1.669190000000000040e+01 7.892069999999999652e+01
4.015330000000000155e+01 -7.485309999999999775e+01
1.082659999999999911e+01 1.067609000000000066e+02
4.050699999999999079e+01 -1.113986000000000018e+02
4.229610000000000269e+01 1.241000000000003567e+01
8.292199999999999349e+00 7.732150000000000034e+01
1.026670000000000016e+01 1.228499999999999943e+02
2.605610000000000070e+01 8.672429999999999950e+01
4.885000000000000853e+01 1.064583000000000084e+02
4.316459999999998587e+01 -7.782200000000000273e+01
3.854779999999999518e+01 -1.213552999999999997e+02
5.353329999999999700e+01 -2.283300000000027197e+00
5.344999999999999574e+01 4.181669999999999021e+01
-3.386780000000000967e+01 1.512100000000000080e+02
-2.273329999999999984e+01 4.781670000000001153e+01
7.888100000000000556e+00 9.839749999999999375e+01
2.369999999999999929e+01 7.709999999999999432e+01
3.879309999999999548e+01 -9.038989999999999725e+01
-1.691669999999999874e+01 3.526669999999999305e+01
3.605499999999999972e+01 1.420419999999999305e+01
-2.681670000000000442e+01 -6.521670000000000300e+01
7.066699999999999982e+00 -1.048749999999997939e+01
2.806940000000000168e+01 -8.067359999999999332e+01
1.133570000000000100e+01 7.669709999999999184e+01
4.620729999999999649e+01 1.453900000000000858e+01
5.195000000000000284e+01 6.033300000000039631e+00
3.665359999999999729e+01 1.366450000000000102e+02
5.247500000000000853e+01 -1.477000000000024071e+00
4.548329999999999984e+01 -7.381669999999999732e+01
4.679999999999999716e+01 -7.118330000000000268e+01
4.003549999999999898e+01 -8.600419999999998311e+01
3.731440000000000623e+01 1.387950999999999908e+02
2.508289999999999864e+01 8.563339999999999463e+01
-1.203329999999999878e+01 -7.713330000000000553e+01
3.865299999999999514e+00 -6.792390000000001749e+01
3.751670000000000016e+01 2.238329999999999487e+01
4.026670000000000016e+01 1.805000000000000426e+01
-1.303000000000000114e+01 -3.960500000000000398e+01
1.039499999999999957e+01 7.949349999999999739e+01
2.970000000000000195e+00 9.979999999999998295e+01
4.266639999999999588e+01 -7.379869999999998242e+01
1.079999999999999893e+01 1.229666999999999888e+02
5.349999999999999645e+00 5.516699999999964632e+00
2.364110000000000156e+01 1.202009999999999934e+02
3.292719999999999914e+01 -9.688039999999998031e+01
2.458630000000000138e+01 8.792940000000000111e+01
-1.364530000000000065e+01 3.264639999999999986e+01
4.056190000000000140e+01 4.234639999999999560e+01
2.293390000000000484e+01 5.777500000000001990e+01
2.570370000000000132e+01 -8.027150000000000318e+01
2.100420000000000087e+01 -9.850560000000001537e+01
5.306699999999999307e+01 -2.521999999999948283e+00
2.508360000000000056e+01 8.542799999999999727e+01
1.368670000000000009e+01 1.231993999999999829e+02
5.126670000000000016e+01 7.766700000000012594e+00
-1.429329999999999856e+01 -1.781582999999999117e+02
3.514999999999999858e+01 -3.850000000000080025e+00
4.070329999999999870e+01 -7.370780000000000598e+01
1.830000000000000071e+01 -7.365000000000000568e+01
-2.748329999999999984e+01 1.530999999999999659e+02
4.654400000000000404e+01 -8.740819999999999368e+01
-7.770000000000000462e+00 3.568999999999999062e+01
1.142320000000000135e+01 4.517000000000054527e+00
6.010000000000000142e+01 1.509000000000000057e+02
1.474999999999999822e+01 -1.740000000000001279e+01
-5.733299999999999841e+00 1.931670000000000798e+01
5.270000000000000284e+01 2.108330000000002258e+01
3.035859999999999914e+01 5.079809999999999803e+01
1.636670000000000158e+01 -9.173329999999999984e+01
5.453800000000000203e+00 -7.466469999999999629e+01
2.888149999999999906e+01 -8.132399999999999807e+01
3.502060000000000173e+01 6.933060000000000400e+01
4.891920000000000357e+01 2.536099999999895882e+00
1.064719999999999978e+01 -6.144610000000000838e+01
7.280000000000000249e+00 2.867999999999999616e+01
4.093330000000000979e+01 3.823329999999999984e+01
3.345000000000000284e+01 -9.408470000000001221e+01
-2.046389999999999887e+01 -4.141279999999999717e+01
3.565970000000000084e+01 5.105920000000000414e+01
4.328829999999999245e+01 -8.389399999999985980e+00
4.021039999999999992e+01 -7.500140000000000384e+01
3.667549999999999955e+01 1.368686999999999898e+02
1.751670000000000016e+01 7.546670000000000300e+01
5.257869999999999777e+01 -1.546200000000118369e+00
1.837890000000000157e+01 -6.583880000000000621e+01
-2.199999999999999734e-01 -7.851250000000000284e+01
4.546739999999999071e+01 7.874800000000026223e+00
4.258449999999999136e+01 -7.198679999999998813e+01
3.650469999999999970e+01 1.123335000000000008e+02
5.423669999999999902e+01 1.028220000000001200e+01
4.623140000000000072e+01 1.563809999999998368e+01
1.356830000000000069e+01 -8.602670000000000528e+01
-2.369999999999999929e+01 -4.654999999999999716e+01
2.088200000000000145e+01 8.583329999999999416e+01
1.277779999999999916e+01 1.016483000000000061e+02
4.237639999999999674e+01 -1.229111000000000189e+02
4.625059999999998439e+01 -1.191304999999999836e+02
3.056699999999999751e+00 7.289000000000001478e+01
5.266700000000000159e+00 -3.900000000000002132e+00
-6.250000000000000000e+00 2.376669999999999305e+01
4.928329999999999700e+01 7.066699999999979553e+00
5.243419999999998993e+01 9.857200000000002404e+00
5.516669999999999874e+01 5.966669999999999874e+01
1.689059999999999917e+01 9.763330000000000553e+01
1.445000000000000107e+01 -8.974999999999998579e+01
5.244529999999999603e+01 3.098420000000000485e+01
3.761919999999999931e+01 -8.755999999995780492e-01
4.358080000000001064e+01 7.123899999999999011e+00
3.301669999999999305e+01 3.527080000000000126e+01
3.952720000000000056e+01 -3.492000000000960447e-01
3.820490000000000208e+01 -8.557009999999999650e+01
-2.532999999999999918e+00 1.407170000000000130e+02
1.384249999999999936e+01 -9.001670000000000016e+01
2.153829999999999956e+01 8.473339999999998895e+01
-1.938609999999999900e+01 4.742920000000000869e+01
1.980999999999999872e+01 -1.027046999999999883e+02
1.024310000000000009e+01 -6.686220000000000141e+01
3.363889999999999247e+01 1.308060999999999865e+02
5.593330000000000268e+01 2.331670000000000442e+01
2.367030000000000101e+01 5.818910000000002469e+01
4.827919999999998879e+01 1.425280000000000946e+01
4.316799999999999926e+01 -7.761620000000000630e+01
4.126669999999999305e+01 1.589999999999998082e+01
3.353770000000000095e+01 7.525029999999999575e+01
4.113190000000000879e+01 -7.396599999999999397e+01
1.164700000000000024e+01 7.782389999999999475e+01
-4.299999999999999822e+00 -3.849689999999999657e+01
3.533379999999999654e+01 1.100955000000000013e+02
3.572849999999999682e+01 1.394773999999999887e+02
4.033470000000000510e+01 -7.456509999999998684e+01
-1.286810000000000009e+01 -7.269310000000000116e+01
-2.637799999999999923e+00 3.176690000000001035e+01
8.433299999999999130e+00 1.242999999999999972e+02
1.301670000000000016e+01 4.273329999999999274e+01
9.915300000000000225e+00 1.513749999999998330e+01
4.360000000000000142e+01 -7.965000000000000568e+01
3.591669999999999874e+01 1.038470999999999975e+02
3.400489999999999924e+01 7.199890000000002033e+01
5.573329999999999984e+01 5.311669999999999447e+01
4.268540000000000134e+01 -8.901349999999999341e+01
3.857690000000000197e+01 4.202109999999998990e+01
3.256900000000000261e+01 -9.712130000000000507e+01
3.640000000000000568e+01 1.061670000000001579e+01
-4.113330000000000553e+01 1.748499999999999943e+02
1.603229999999999933e+01 1.202690000000000197e+02
5.129999999999999716e+01 3.116700000000022008e+00
5.333330000000000126e+01 8.375000000000000000e+01
3.142360000000000397e+01 -7.520800000000012808e+00
2.544029999999999703e+01 -1.021791999999999945e+02
3.753330000000000410e+01 -5.083299999999923102e+00
3.228219999999999601e+01 3.498329999999999274e+01
4.151740000000000208e+01 -8.145340000000000202e+01
-2.466669999999999874e+01 2.596669999999999234e+01
4.510390000000000299e+01 7.753600000000020032e+00
4.290180000000000149e+01 -7.884869999999999379e+01
4.621690000000000964e+01 2.479110000000000369e+01
4.112139999999999418e+01 7.209359999999999502e+01
1.849999999999999867e+00 1.076670000000000194e+01
5.106319999999999482e+01 -1.307999999999936769e+00
9.567999999999999616e+00 7.796240000000000236e+01
-4.325000000000000178e+00 1.532219999999998272e+01
3.571770000000000067e+01 1.395661000000000058e+02
1.064059999999999739e+01 1.072478000000000122e+02
5.504440000000000310e+01 9.418100000000041661e+00
8.919999999999999929e+00 -7.971999999999998465e+01
2.342999999999999972e+01 8.468000000000000682e+01
3.495000000000000284e+01 8.566700000000009751e+00
2.594900000000000517e+01 8.557509999999999195e+01
9.381099999999999994e+00 -7.527139999999999986e+01
-3.772800000000000598e+00 -6.164419999999999789e+01
5.611659999999999826e+01 -3.936899999999973865e+00
5.121100000000000207e+00 9.952800000000012304e+00
4.075000000000000000e+01 3.631669999999999021e+01
-2.176330000000000098e+01 -5.211559999999999349e+01
1.885000000000000497e+01 9.423329999999999984e+01
-4.700000000000000178e+00 -4.056669999999999732e+01
5.344700000000000273e+01 -2.391000000000103487e+00
1.685000000000000142e+01 8.201999999999999602e+01
-1.985000000000000142e+01 4.725000000000000000e+01
4.094999999999998863e+01 3.873329999999999984e+01
4.946670000000000300e+01 1.099999999999999289e+01
3.401550000000000296e+01 -1.181108000000000118e+02
4.074539999999999651e+01 -7.356040000000001555e+01
1.814999999999999858e+01 -9.443330000000001689e+01
5.765300000000000757e+00 2.067420000000000258e+01
6.083299999999999486e+00 -2.500000000014093726e-01
4.455810000000000315e+01 4.750800000000020340e+00
3.563080000000000069e+01 -1.176621999999999844e+02
4.879999999999999005e+01 2.172199999999839370e+00
5.004999999999999716e+01 1.023329999999999451e+01
3.621109999999999474e+01 -8.166689999999999827e+01
-2.415780000000000527e+01 -4.982690000000000197e+01
4.406330000000000524e+01 1.244660000000001254e+01
3.206910000000000593e+01 1.080350999999999999e+02
3.483330000000000126e+01 1.354667000000000030e+02
7.983299999999999841e+00 1.170499999999999972e+02
-1.931670000000000087e+01 4.768330000000000268e+01
-2.301179999999999737e+01 -4.786569999999999681e+01
2.953570000000000206e+01 -9.546959999999999980e+01
5.866699999999999804e+00 -6.666999999995782966e-01
4.054999999999999716e+01 -8.683299999999976038e+00
1.395759999999999756e+01 1.004903000000000048e+02
2.634209999999999852e+01 7.780920000000000414e+01
-3.854400000000000048e+00 -4.092110000000000269e+01
1.354860000000000042e+01 1.002775000000000034e+02
2.560000000000000142e+01 -1.000000000000000000e+02
4.054509999999999792e+01 1.176559999999999917e+02
3.493330000000000979e+01 -2.733300000000074892e+00
4.013990000000000435e+01 1.183029999999999973e+02
3.552689999999999770e+01 4.617640000000000100e+01
3.303430000000000888e+01 -9.711459999999999582e+01
8.349199999999999733e+00 7.756719999999999970e+01
2.663959999999999795e+01 8.451079999999998904e+01
3.514999999999999858e+01 1.396167000000000087e+02
3.896990000000000265e+01 -7.738670000000001892e+01
3.663329999999998421e+01 3.343329999999999558e+01
3.680190000000000339e+01 1.407510000000000048e+02
2.696330000000000027e+01 7.979219999999999402e+01
3.435000000000000142e+01 1.323333000000000084e+02
4.014849999999999852e+01 -7.542659999999999343e+01
-1.345279999999999987e+01 -1.724036000000000115e+02
