   1.3620000e+03   1.6560000e+03   1.2320000e+03   2.5200000e+02   0.0000000e+00   0.0000000e+00
   1.6040000e+03   1.6460000e+03   1.0720000e+03   2.4800000e+02   0.0000000e+00   0.0000000e+00
   1.1220000e+03   1.2000000e+03   1.2260000e+03   2.1800000e+02   0.0000000e+00   0.0000000e+00
   1.4400000e+03   1.3900000e+03   1.4180000e+03   2.4800000e+02   0.0000000e+00   0.0000000e+00
   1.5120000e+03   1.0660000e+03   1.2320000e+03   2.2600000e+02   0.0000000e+00   0.0000000e+00
   1.5880000e+03   1.2720000e+03   1.2020000e+03   3.0200000e+02   0.0000000e+00   0.0000000e+00
   1.3400000e+02   1.4180000e+03   1.3320000e+03   2.5000000e+02   0.0000000e+00   0.0000000e+00
   1.1600000e+02   1.2960000e+03   1.1020000e+03   2.8400000e+02   0.0000000e+00   0.0000000e+00
   1.0520000e+03   1.3360000e+03   1.1240000e+03   2.8600000e+02   0.0000000e+00   0.0000000e+00
   1.6600000e+03   1.4100000e+03   9.5800000e+02   2.8600000e+02   0.0000000e+00   0.0000000e+00
   1.3800000e+02   1.4160000e+03   1.1960000e+03   2.1600000e+02   0.0000000e+00   0.0000000e+00
   1.1200000e+02   1.4220000e+03   1.0420000e+03   3.5800000e+02   0.0000000e+00   0.0000000e+00
   1.4340000e+03   1.4920000e+03   1.1940000e+03   2.5400000e+02   0.0000000e+00   0.0000000e+00
   1.3060000e+03   1.3840000e+03   1.1720000e+03   2.7600000e+02   0.0000000e+00   0.0000000e+00
   1.3620000e+03   1.3760000e+03   1.1080000e+03   2.5800000e+02   0.0000000e+00   0.0000000e+00
   1.4640000e+03   1.2420000e+03   1.0980000e+03   3.3000000e+02   0.0000000e+00   0.0000000e+00
   1.5760000e+03   1.4140000e+03   1.2140000e+03   3.9600000e+02   0.0000000e+00   0.0000000e+00
   1.2580000e+03   1.3180000e+03   1.0980000e+03   3.2000000e+02   0.0000000e+00   0.0000000e+00
   1.1060000e+03   1.5580000e+03   1.0340000e+03   3.2400000e+02   0.0000000e+00   0.0000000e+00
   2.7600000e+02   1.5100000e+03   1.1260000e+03   1.9800000e+02   0.0000000e+00   0.0000000e+00
